   1    -0.280
   2    -0.280
   3    -0.283
   4    -0.287
   5    -0.294
   6    -0.301
   7    -0.309
   8    -0.318
   9    -0.325
  10    -0.331
  11    -0.334
  12    -0.335
  13    -0.333
  14    -0.329
  15    -0.323
  16    -0.315
  17    -0.307
  18    -0.299
  19    -0.290
  20    -0.281
  21    -0.273
  22    -0.265
  23    -0.258
  24    -0.250
  25    -0.243
  26    -0.236
  27    -0.228
  28    -0.221
  29    -0.214
  30    -0.207
  31    -0.201
  32    -0.196
  33    -0.193
  34    -0.190
  35    -0.190
  36    -0.191
  37    -0.193
  38    -0.197
  39    -0.203
  40    -0.210
  41    -0.218
  42    -0.227
  43    -0.237
  44    -0.247
  45    -0.257
  46    -0.267
  47    -0.275
  48    -0.282
  49    -0.288
  50    -0.291
  51    -0.292
  52    -0.292
  53    -0.290
  54    -0.287
  55    -0.283
  56    -0.278
  57    -0.273
  58    -0.266
  59    -0.260
  60    -0.253
  61    -0.247
  62    -0.242
  63    -0.237
  64    -0.234
  65    -0.233
  66    -0.233
  67    -0.234
  68    -0.237
  69    -0.240
  70    -0.244
  71    -0.248
  72    -0.252
  73    -0.255
  74    -0.258
  75    -0.259
  76    -0.259
  77    -0.259
  78    -0.257
  79    -0.254
  80    -0.250
  81    -0.247
  82    -0.243
  83    -0.238
  84    -0.234
  85    -0.230
  86    -0.226
  87    -0.221
  88    -0.217
  89    -0.212
  90    -0.208
  91    -0.203
  92    -0.198
  93    -0.194
  94    -0.190
  95    -0.187
  96    -0.185
  97    -0.184
  98    -0.183
  99    -0.183
 100    -0.184
 101    -0.186
 102    -0.187
 103    -0.189
 104    -0.191
 105    -0.192
 106    -0.194
 107    -0.195
 108    -0.195
 109    -0.195
 110    -0.195
 111    -0.194
 112    -0.192
 113    -0.189
 114    -0.187
 115    -0.183
 116    -0.180
 117    -0.178
 118    -0.176
 119    -0.175
 120    -0.174
 121    -0.175
 122    -0.176
 123    -0.177
 124    -0.178
 125    -0.180
 126    -0.182
 127    -0.184
 128    -0.187
 129    -0.191
 130    -0.195
 131    -0.199
 132    -0.204
 133    -0.210
 134    -0.215
 135    -0.220
 136    -0.224
 137    -0.228
 138    -0.231
 139    -0.235
 140    -0.238
 141    -0.242
 142    -0.246
 143    -0.250
 144    -0.254
 145    -0.259
 146    -0.263
 147    -0.265
 148    -0.267
 149    -0.267
 150    -0.266
 151    -0.263
 152    -0.258
 153    -0.254
 154    -0.248
 155    -0.243
 156    -0.239
 157    -0.236
 158    -0.235
 159    -0.237
 160    -0.240
 161    -0.245
 162    -0.252
 163    -0.261
 164    -0.269
 165    -0.278
 166    -0.287
 167    -0.295
 168    -0.303
 169    -0.310
 170    -0.316
 171    -0.320
 172    -0.324
 173    -0.326
 174    -0.327
 175    -0.327
 176    -0.326
 177    -0.323
 178    -0.320
 179    -0.315
 180    -0.310
 181    -0.305
 182    -0.299
 183    -0.294
 184    -0.288
 185    -0.284
 186    -0.281
 187    -0.278
 188    -0.277
 189    -0.278
 190    -0.279
 191    -0.281
 192    -0.284
 193    -0.288
 194    -0.291
 195    -0.294
 196    -0.297
 197    -0.299
 198    -0.300
 199    -0.300
 200    -0.298
 201    -0.296
 202    -0.293
 203    -0.290
 204    -0.288
 205    -0.286
 206    -0.284
 207    -0.284
 208    -0.285
 209    -0.286
 210    -0.288
 211    -0.290
 212    -0.293
 213    -0.296
 214    -0.300
 215    -0.304
 216    -0.307
 217    -0.311
 218    -0.313
 219    -0.314
 220    -0.314
 221    -0.312
 222    -0.308
 223    -0.304
 224    -0.299
 225    -0.295
 226    -0.290
 227    -0.287
 228    -0.284
 229    -0.282
 230    -0.280
 231    -0.279
 232    -0.276
 233    -0.273
 234    -0.269
 235    -0.262
 236    -0.255
 237    -0.245
 238    -0.233
 239    -0.220
 240    -0.206
 241    -0.193
 242    -0.179
 243    -0.167
 244    -0.157
 245    -0.148
 246    -0.142
 247    -0.138
 248    -0.137
 249    -0.137
 250    -0.138
 251    -0.139
 252    -0.141
 253    -0.143
 254    -0.145
 255    -0.146
 256    -0.147
 257    -0.147
 258    -0.148
 259    -0.150
 260    -0.153
 261    -0.158
 262    -0.165
 263    -0.174
 264    -0.185
 265    -0.198
 266    -0.212
 267    -0.226
 268    -0.240
 269    -0.252
 270    -0.263
 271    -0.272
 272    -0.278
 273    -0.282
 274    -0.282
 275    -0.279
 276    -0.274
 277    -0.266
 278    -0.257
 279    -0.246
 280    -0.234
 281    -0.223
 282    -0.212
 283    -0.204
 284    -0.198
 285    -0.195
 286    -0.194
 287    -0.196
 288    -0.199
 289    -0.205
 290    -0.212
 291    -0.220
 292    -0.229
 293    -0.237
 294    -0.247
 295    -0.256
 296    -0.266
 297    -0.276
 298    -0.286
 299    -0.295
 300    -0.304
 301    -0.312
 302    -0.318
 303    -0.324
 304    -0.327
 305    -0.330
 306    -0.332
 307    -0.332
 308    -0.331
 309    -0.330
 310    -0.329
 311    -0.327
 312    -0.327
 313    -0.327
 314    -0.328
 315    -0.330
 316    -0.333
 317    -0.336
 318    -0.340
 319    -0.343
 320    -0.345
 321    -0.346
 322    -0.347
 323    -0.346
 324    -0.345
 325    -0.344
 326    -0.342
 327    -0.341
 328    -0.340
 329    -0.339
 330    -0.340
 331    -0.343
 332    -0.346
 333    -0.351
 334    -0.357
 335    -0.364
 336    -0.372
 337    -0.380
 338    -0.388
 339    -0.395
 340    -0.400
 341    -0.404
 342    -0.406
 343    -0.406
 344    -0.404
 345    -0.401
 346    -0.396
 347    -0.389
 348    -0.381
 349    -0.372
 350    -0.360
 351    -0.348
 352    -0.333
 353    -0.319
 354    -0.304
 355    -0.288
 356    -0.273
 357    -0.258
 358    -0.245
 359    -0.233
 360    -0.223
 361    -0.215
 362    -0.209
 363    -0.205
 364    -0.203
 365    -0.203
 366    -0.204
 367    -0.207
 368    -0.210
 369    -0.213
 370    -0.216
 371    -0.218
 372    -0.221
 373    -0.224
 374    -0.228
 375    -0.233
 376    -0.239
 377    -0.244
 378    -0.250
 379    -0.254
 380    -0.256
 381    -0.256
 382    -0.253
 383    -0.248
 384    -0.242
 385    -0.233
 386    -0.224
 387    -0.214
 388    -0.205
 389    -0.196
 390    -0.188
 391    -0.181
 392    -0.174
 393    -0.169
 394    -0.163
 395    -0.158
 396    -0.153
 397    -0.149
 398    -0.145
 399    -0.141
 400    -0.139
 401    -0.138
 402    -0.139
 403    -0.142
 404    -0.148
 405    -0.155
 406    -0.164
 407    -0.173
 408    -0.184
 409    -0.195
 410    -0.205
 411    -0.214
 412    -0.222
 413    -0.228
 414    -0.234
 415    -0.238
 416    -0.241
 417    -0.244
 418    -0.245
 419    -0.246
 420    -0.246
 421    -0.245
 422    -0.242
 423    -0.238
 424    -0.233
 425    -0.226
 426    -0.218
 427    -0.210
 428    -0.202
 429    -0.194
 430    -0.188
 431    -0.184
 432    -0.181
 433    -0.180
 434    -0.180
 435    -0.181
 436    -0.184
 437    -0.187
 438    -0.190
 439    -0.193
 440    -0.194
 441    -0.194
 442    -0.193
 443    -0.190
 444    -0.186
 445    -0.181
 446    -0.175
 447    -0.170
 448    -0.165
 449    -0.160
 450    -0.156
 451    -0.154
 452    -0.154
 453    -0.155
 454    -0.157
 455    -0.162
 456    -0.168
 457    -0.175
 458    -0.183
 459    -0.192
 460    -0.201
 461    -0.210
 462    -0.219
 463    -0.227
 464    -0.234
 465    -0.239
 466    -0.244
 467    -0.248
 468    -0.251
 469    -0.254
 470    -0.255
 471    -0.257
 472    -0.258
 473    -0.258
 474    -0.258
 475    -0.259
 476    -0.260
 477    -0.261
 478    -0.261
 479    -0.262
 480    -0.263
 481    -0.264
 482    -0.264
 483    -0.265
 484    -0.265
 485    -0.266
 486    -0.266
 487    -0.267
 488    -0.268
 489    -0.271
 490    -0.274
 491    -0.278
 492    -0.283
 493    -0.288
 494    -0.295
 495    -0.302
 496    -0.309
 497    -0.315
 498    -0.321
 499    -0.326
 500    -0.330
 501    -0.333
 502    -0.335
 503    -0.336
 504    -0.337
 505    -0.335
 506    -0.333
 507    -0.330
 508    -0.326
 509    -0.321
 510    -0.316
 511    -0.311
 512    -0.306
 513    -0.302
 514    -0.300
 515    -0.298
 516    -0.298
 517    -0.298
 518    -0.300
 519    -0.301
 520    -0.303
 521    -0.304
 522    -0.305
 523    -0.306
 524    -0.306
 525    -0.306
 526    -0.305
 527    -0.306
 528    -0.307
 529    -0.311
 530    -0.317
 531    -0.326
 532    -0.338
 533    -0.352
 534    -0.369
 535    -0.388
 536    -0.407
 537    -0.427
 538    -0.445
 539    -0.463
 540    -0.477
 541    -0.489
 542    -0.498
 543    -0.503
 544    -0.505
 545    -0.503
 546    -0.497
 547    -0.488
 548    -0.477
 549    -0.463
 550    -0.447
 551    -0.429
 552    -0.411
 553    -0.393
 554    -0.374
 555    -0.356
 556    -0.339
 557    -0.324
 558    -0.311
 559    -0.300
 560    -0.291
 561    -0.285
 562    -0.282
 563    -0.279
 564    -0.279
 565    -0.280
 566    -0.282
 567    -0.285
 568    -0.288
 569    -0.291
 570    -0.294
 571    -0.295
 572    -0.296
 573    -0.295
 574    -0.293
 575    -0.289
 576    -0.285
 577    -0.280
 578    -0.274
 579    -0.266
 580    -0.258
 581    -0.249
 582    -0.240
 583    -0.231
 584    -0.221
 585    -0.213
 586    -0.205
 587    -0.199
 588    -0.193
 589    -0.190
 590    -0.188
 591    -0.188
 592    -0.190
 593    -0.193
 594    -0.199
 595    -0.205
 596    -0.211
 597    -0.218
 598    -0.224
 599    -0.229
 600    -0.234
 601    -0.237
 602    -0.241
 603    -0.243
 604    -0.246
 605    -0.249
 606    -0.252
 607    -0.255
 608    -0.259
 609    -0.263
 610    -0.266
 611    -0.269
 612    -0.272
 613    -0.276
 614    -0.281
 615    -0.286
 616    -0.292
 617    -0.299
 618    -0.307
 619    -0.316
 620    -0.325
 621    -0.333
 622    -0.341
 623    -0.349
 624    -0.355
 625    -0.361
 626    -0.365
 627    -0.369
 628    -0.372
 629    -0.374
 630    -0.376
 631    -0.379
 632    -0.381
 633    -0.384
 634    -0.387
 635    -0.391
 636    -0.394
 637    -0.396
 638    -0.397
 639    -0.397
 640    -0.396
 641    -0.393
 642    -0.390
 643    -0.386
 644    -0.381
 645    -0.376
 646    -0.370
 647    -0.365
 648    -0.359
 649    -0.354
 650    -0.348
 651    -0.342
 652    -0.338
 653    -0.333
 654    -0.328
 655    -0.324
 656    -0.322
 657    -0.320
 658    -0.319
 659    -0.318
 660    -0.317
 661    -0.316
 662    -0.313
 663    -0.311
 664    -0.306
 665    -0.301
 666    -0.295
 667    -0.288
 668    -0.281
 669    -0.274
 670    -0.268
 671    -0.263
 672    -0.260
 673    -0.259
 674    -0.260
 675    -0.263
 676    -0.268
 677    -0.275
 678    -0.283
 679    -0.291
 680    -0.299
 681    -0.306
 682    -0.312
 683    -0.316
 684    -0.318
 685    -0.318
 686    -0.316
 687    -0.312
 688    -0.306
 689    -0.299
 690    -0.290
 691    -0.281
 692    -0.270
 693    -0.260
 694    -0.252
 695    -0.244
 696    -0.237
 697    -0.232
 698    -0.229
 699    -0.228
 700    -0.228
 701    -0.229
 702    -0.232
 703    -0.235
 704    -0.239
 705    -0.243
 706    -0.247
 707    -0.251
 708    -0.255
 709    -0.258
 710    -0.262
 711    -0.265
 712    -0.268
 713    -0.272
 714    -0.275
 715    -0.279
 716    -0.282
 717    -0.285
 718    -0.288
 719    -0.289
 720    -0.289
 721    -0.287
 722    -0.285
 723    -0.280
 724    -0.275
 725    -0.268
 726    -0.260
 727    -0.253
 728    -0.245
 729    -0.238
 730    -0.232
 731    -0.228
 732    -0.227
 733    -0.227
 734    -0.230
 735    -0.236
 736    -0.244
 737    -0.253
 738    -0.264
 739    -0.275
 740    -0.285
 741    -0.294
 742    -0.301
 743    -0.306
 744    -0.308
 745    -0.308
 746    -0.306
 747    -0.302
 748    -0.298
 749    -0.294
 750    -0.289
 751    -0.286
 752    -0.282
 753    -0.280
 754    -0.278
 755    -0.275
 756    -0.273
 757    -0.270
 758    -0.267
 759    -0.263
 760    -0.260
 761    -0.257
 762    -0.255
 763    -0.254
 764    -0.254
 765    -0.257
 766    -0.261
 767    -0.269
 768    -0.278
 769    -0.288
 770    -0.299
 771    -0.310
 772    -0.319
 773    -0.327
 774    -0.331
 775    -0.333
 776    -0.332
 777    -0.327
 778    -0.320
 779    -0.311
 780    -0.300
 781    -0.289
 782    -0.278
 783    -0.267
 784    -0.257
 785    -0.248
 786    -0.241
 787    -0.237
 788    -0.234
 789    -0.233
 790    -0.234
 791    -0.238
 792    -0.244
 793    -0.252
 794    -0.263
 795    -0.275
 796    -0.290
 797    -0.306
 798    -0.323
 799    -0.340
 800    -0.357
 801    -0.374
 802    -0.388
 803    -0.401
 804    -0.412
 805    -0.420
 806    -0.426
 807    -0.431
 808    -0.434
 809    -0.436
 810    -0.437
 811    -0.438
 812    -0.436
 813    -0.434
 814    -0.429
 815    -0.422
 816    -0.413
 817    -0.402
 818    -0.389
 819    -0.376
 820    -0.363
 821    -0.351
 822    -0.341
 823    -0.332
 824    -0.326
 825    -0.322
 826    -0.318
 827    -0.315
 828    -0.312
 829    -0.307
 830    -0.302
 831    -0.294
 832    -0.286
 833    -0.276
 834    -0.266
 835    -0.255
 836    -0.245
 837    -0.235
 838    -0.227
 839    -0.222
 840    -0.219
 841    -0.219
 842    -0.223
 843    -0.229
 844    -0.238
 845    -0.250
 846    -0.264
 847    -0.281
 848    -0.297
 849    -0.314
 850    -0.331
 851    -0.346
 852    -0.359
 853    -0.370
 854    -0.378
 855    -0.383
 856    -0.386
 857    -0.387
 858    -0.386
 859    -0.384
 860    -0.381
 861    -0.377
 862    -0.373
 863    -0.369
 864    -0.365
 865    -0.360
 866    -0.354
 867    -0.348
 868    -0.340
 869    -0.332
 870    -0.322
 871    -0.311
 872    -0.299
 873    -0.286
 874    -0.273
 875    -0.261
 876    -0.250
 877    -0.240
 878    -0.232
 879    -0.226
 880    -0.223
 881    -0.220
 882    -0.219
 883    -0.217
 884    -0.216
 885    -0.214
 886    -0.211
 887    -0.208
 888    -0.204
 889    -0.199
 890    -0.195
 891    -0.192
 892    -0.190
 893    -0.190
 894    -0.193
 895    -0.200
 896    -0.210
 897    -0.224
 898    -0.241
 899    -0.262
 900    -0.285
 901    -0.309
 902    -0.331
 903    -0.353
 904    -0.372
 905    -0.387
 906    -0.399
 907    -0.407
 908    -0.411
 909    -0.412
 910    -0.410
 911    -0.405
 912    -0.399
 913    -0.391
 914    -0.381
 915    -0.370
 916    -0.359
 917    -0.347
 918    -0.335
 919    -0.323
 920    -0.311
 921    -0.300
 922    -0.290
 923    -0.280
 924    -0.272
 925    -0.263
 926    -0.256
 927    -0.250
 928    -0.244
 929    -0.238
 930    -0.233
 931    -0.229
 932    -0.225
 933    -0.223
 934    -0.222
 935    -0.222
 936    -0.225
 937    -0.229
 938    -0.235
 939    -0.243
 940    -0.252
 941    -0.261
 942    -0.271
 943    -0.281
 944    -0.289
 945    -0.297
 946    -0.304
 947    -0.309
 948    -0.313
 949    -0.316
 950    -0.318
 951    -0.319
 952    -0.319
 953    -0.317
 954    -0.315
 955    -0.312
 956    -0.308
 957    -0.302
 958    -0.296
 959    -0.288
 960    -0.280
 961    -0.270
 962    -0.260
 963    -0.250
 964    -0.240
 965    -0.230
 966    -0.221
 967    -0.214
 968    -0.208
 969    -0.203
 970    -0.198
 971    -0.194
 972    -0.189
 973    -0.183
 974    -0.175
 975    -0.166
 976    -0.155
 977    -0.144
 978    -0.132
 979    -0.120
 980    -0.109
 981    -0.099
 982    -0.089
 983    -0.081
 984    -0.074
 985    -0.068
 986    -0.062
 987    -0.058
 988    -0.055
 989    -0.053
 990    -0.053
 991    -0.055
 992    -0.058
 993    -0.063
 994    -0.071
 995    -0.080
 996    -0.092
 997    -0.106
 998    -0.120
 999    -0.135
1000    -0.151
1001    -0.165
1002    -0.177
1003    -0.188
1004    -0.196
1005    -0.201
1006    -0.204
1007    -0.205
1008    -0.203
1009    -0.199
1010    -0.194
1011    -0.187
1012    -0.179
1013    -0.170
1014    -0.160
1015    -0.151
1016    -0.142
1017    -0.133
1018    -0.125
1019    -0.119
1020    -0.113
1021    -0.108
1022    -0.104
1023    -0.100
1024    -0.097
1025    -0.095
1026    -0.093
1027    -0.093
1028    -0.094
1029    -0.098
1030    -0.102
1031    -0.109
1032    -0.117
1033    -0.126
1034    -0.137
1035    -0.148
1036    -0.159
1037    -0.169
1038    -0.179
1039    -0.186
1040    -0.194
1041    -0.200
1042    -0.204
1043    -0.208
1044    -0.210
1045    -0.212
1046    -0.214
1047    -0.215
1048    -0.215
1049    -0.214
1050    -0.212
1051    -0.210
1052    -0.207
1053    -0.203
1054    -0.197
1055    -0.191
1056    -0.184
1057    -0.178
1058    -0.171
1059    -0.165
1060    -0.160
1061    -0.156
1062    -0.155
1063    -0.155
1064    -0.158
1065    -0.162
1066    -0.168
1067    -0.175
1068    -0.182
1069    -0.189
1070    -0.196
1071    -0.202
1072    -0.207
1073    -0.212
1074    -0.215
1075    -0.218
1076    -0.220
1077    -0.220
1078    -0.218
1079    -0.215
1080    -0.211
1081    -0.204
1082    -0.196
1083    -0.187
1084    -0.178
1085    -0.168
1086    -0.159
1087    -0.152
1088    -0.145
1089    -0.141
1090    -0.138
1091    -0.138
1092    -0.139
1093    -0.143
1094    -0.148
1095    -0.154
1096    -0.160
1097    -0.165
1098    -0.170
1099    -0.173
1100    -0.176
1101    -0.177
1102    -0.178
1103    -0.180
1104    -0.182
1105    -0.185
1106    -0.189
1107    -0.193
1108    -0.198
1109    -0.203
1110    -0.208
1111    -0.212
1112    -0.216
1113    -0.220
1114    -0.224
1115    -0.229
1116    -0.236
1117    -0.244
1118    -0.254
1119    -0.264
1120    -0.276
1121    -0.288
1122    -0.298
1123    -0.307
1124    -0.314
1125    -0.318
1126    -0.319
1127    -0.319
1128    -0.315
1129    -0.310
1130    -0.304
1131    -0.297
1132    -0.290
1133    -0.284
1134    -0.278
1135    -0.273
1136    -0.269
1137    -0.265
1138    -0.263
1139    -0.259
1140    -0.256
1141    -0.254
1142    -0.251
1143    -0.250
1144    -0.249
1145    -0.249
1146    -0.250
1147    -0.252
1148    -0.256
1149    -0.259
1150    -0.262
1151    -0.265
1152    -0.267
1153    -0.268
1154    -0.268
1155    -0.267
1156    -0.266
1157    -0.265
1158    -0.264
1159    -0.264
1160    -0.263
1161    -0.264
1162    -0.265
1163    -0.266
1164    -0.268
1165    -0.269
1166    -0.270
1167    -0.271
1168    -0.271
1169    -0.270
1170    -0.269
1171    -0.266
1172    -0.263
1173    -0.260
1174    -0.256
1175    -0.252
1176    -0.248
1177    -0.245
1178    -0.243
1179    -0.240
1180    -0.239
1181    -0.238
1182    -0.238
1183    -0.239
1184    -0.240
1185    -0.242
1186    -0.244
1187    -0.248
1188    -0.254
1189    -0.260
1190    -0.266
1191    -0.273
1192    -0.280
1193    -0.288
1194    -0.295
1195    -0.301
1196    -0.307
1197    -0.312
1198    -0.317
1199    -0.321
1200    -0.325
1201    -0.329
1202    -0.335
1203    -0.341
1204    -0.347
1205    -0.354
1206    -0.361
1207    -0.368
1208    -0.374
1209    -0.379
1210    -0.383
1211    -0.386
1212    -0.386
1213    -0.385
1214    -0.383
1215    -0.378
1216    -0.371
1217    -0.363
1218    -0.353
1219    -0.342
1220    -0.330
1221    -0.317
1222    -0.305
1223    -0.293
1224    -0.282
1225    -0.274
1226    -0.268
1227    -0.264
1228    -0.264
1229    -0.267
1230    -0.272
1231    -0.280
1232    -0.289
1233    -0.299
1234    -0.309
1235    -0.318
1236    -0.326
1237    -0.331
1238    -0.335
1239    -0.336
1240    -0.336
1241    -0.333
1242    -0.329
1243    -0.323
1244    -0.316
1245    -0.309
1246    -0.302
1247    -0.295
1248    -0.288
1249    -0.283
1250    -0.279
1251    -0.277
1252    -0.277
1253    -0.279
1254    -0.284
1255    -0.290
1256    -0.297
1257    -0.305
1258    -0.315
1259    -0.323
1260    -0.331
1261    -0.338
1262    -0.343
1263    -0.346
1264    -0.348
1265    -0.348
1266    -0.347
1267    -0.345
1268    -0.343
1269    -0.342
1270    -0.340
1271    -0.340
1272    -0.340
1273    -0.341
1274    -0.344
1275    -0.348
1276    -0.353
1277    -0.358
1278    -0.363
1279    -0.369
1280    -0.374
1281    -0.378
1282    -0.382
1283    -0.384
1284    -0.385
1285    -0.386
1286    -0.387
1287    -0.388
1288    -0.390
1289    -0.392
1290    -0.395
1291    -0.397
1292    -0.400
1293    -0.402
1294    -0.402
1295    -0.402
1296    -0.399
1297    -0.394
1298    -0.386
1299    -0.376
1300    -0.365
1301    -0.352
1302    -0.339
1303    -0.325
1304    -0.312
1305    -0.300
1306    -0.290
1307    -0.282
1308    -0.277
1309    -0.274
1310    -0.273
1311    -0.275
1312    -0.277
1313    -0.280
1314    -0.284
1315    -0.287
1316    -0.289
1317    -0.291
1318    -0.291
1319    -0.289
1320    -0.287
1321    -0.284
1322    -0.281
1323    -0.279
1324    -0.277
1325    -0.277
1326    -0.279
1327    -0.282
1328    -0.288
1329    -0.295
1330    -0.304
1331    -0.313
1332    -0.322
1333    -0.332
1334    -0.340
1335    -0.347
1336    -0.352
1337    -0.357
1338    -0.360
1339    -0.363
1340    -0.365
1341    -0.368
1342    -0.370
1343    -0.371
1344    -0.373
1345    -0.373
1346    -0.371
1347    -0.368
1348    -0.361
1349    -0.351
1350    -0.338
1351    -0.323
1352    -0.306
1353    -0.288
1354    -0.270
1355    -0.253
1356    -0.236
1357    -0.221
1358    -0.209
1359    -0.197
1360    -0.188
1361    -0.181
1362    -0.176
1363    -0.173
1364    -0.173
1365    -0.175
1366    -0.179
1367    -0.185
1368    -0.193
1369    -0.202
1370    -0.212
1371    -0.221
1372    -0.229
1373    -0.237
1374    -0.244
1375    -0.250
1376    -0.256
1377    -0.259
1378    -0.262
1379    -0.264
1380    -0.265
1381    -0.265
1382    -0.264
1383    -0.263
1384    -0.261
1385    -0.259
1386    -0.258
1387    -0.257
1388    -0.257
1389    -0.258
1390    -0.259
1391    -0.260
1392    -0.261
1393    -0.262
1394    -0.261
1395    -0.260
1396    -0.257
1397    -0.253
1398    -0.247
1399    -0.240
1400    -0.231
1401    -0.220
1402    -0.210
1403    -0.198
1404    -0.187
1405    -0.176
1406    -0.166
1407    -0.157
1408    -0.150
1409    -0.146
1410    -0.142
1411    -0.140
1412    -0.140
1413    -0.140
1414    -0.142
1415    -0.144
1416    -0.147
1417    -0.150
1418    -0.153
1419    -0.156
1420    -0.159
1421    -0.160
1422    -0.161
1423    -0.161
1424    -0.161
1425    -0.160
1426    -0.158
1427    -0.157
1428    -0.155
1429    -0.154
1430    -0.152
1431    -0.150
1432    -0.148
1433    -0.146
1434    -0.144
1435    -0.141
1436    -0.139
1437    -0.136
1438    -0.135
1439    -0.134
1440    -0.136
1441    -0.139
1442    -0.145
1443    -0.154
1444    -0.165
1445    -0.179
1446    -0.195
1447    -0.212
1448    -0.229
1449    -0.246
1450    -0.263
1451    -0.279
1452    -0.292
1453    -0.304
1454    -0.314
1455    -0.322
1456    -0.327
1457    -0.331
1458    -0.332
1459    -0.331
1460    -0.328
1461    -0.324
1462    -0.318
1463    -0.310
1464    -0.302
1465    -0.292
1466    -0.282
1467    -0.271
1468    -0.260
1469    -0.250
1470    -0.240
1471    -0.232
1472    -0.226
1473    -0.221
1474    -0.219
1475    -0.219
1476    -0.220
1477    -0.222
1478    -0.225
1479    -0.228
1480    -0.231
1481    -0.232
1482    -0.232
1483    -0.229
1484    -0.225
1485    -0.220
1486    -0.213
1487    -0.206
1488    -0.198
1489    -0.190
1490    -0.184
1491    -0.177
1492    -0.172
1493    -0.169
1494    -0.167
1495    -0.165
1496    -0.166
1497    -0.167
1498    -0.169
1499    -0.171
1500    -0.175
1501    -0.178
1502    -0.182
1503    -0.186
1504    -0.191
1505    -0.195
1506    -0.200
1507    -0.206
1508    -0.211
1509    -0.218
1510    -0.225
1511    -0.232
1512    -0.238
1513    -0.245
1514    -0.251
1515    -0.258
1516    -0.265
1517    -0.272
1518    -0.280
1519    -0.288
1520    -0.297
1521    -0.307
1522    -0.317
1523    -0.326
1524    -0.335
1525    -0.342
1526    -0.348
1527    -0.351
1528    -0.351
1529    -0.349
1530    -0.343
1531    -0.335
1532    -0.326
1533    -0.314
1534    -0.302
1535    -0.290
1536    -0.279
1537    -0.270
1538    -0.263
1539    -0.258
1540    -0.255
1541    -0.253
1542    -0.252
1543    -0.251
1544    -0.250
1545    -0.248
1546    -0.246
1547    -0.243
1548    -0.239
1549    -0.236
1550    -0.234
1551    -0.231
1552    -0.229
1553    -0.228
1554    -0.227
1555    -0.227
1556    -0.226
1557    -0.224
1558    -0.223
1559    -0.220
1560    -0.218
1561    -0.217
1562    -0.216
1563    -0.217
1564    -0.219
1565    -0.223
1566    -0.230
1567    -0.238
1568    -0.249
1569    -0.260
1570    -0.273
1571    -0.285
1572    -0.298
1573    -0.310
1574    -0.321
1575    -0.331
1576    -0.340
1577    -0.347
1578    -0.352
1579    -0.355
1580    -0.357
1581    -0.358
1582    -0.358
1583    -0.358
1584    -0.358
1585    -0.359
1586    -0.360
1587    -0.361
1588    -0.363
1589    -0.364
1590    -0.365
1591    -0.365
1592    -0.365
1593    -0.364
1594    -0.363
1595    -0.362
1596    -0.363
1597    -0.365
1598    -0.368
1599    -0.372
1600    -0.378
1601    -0.385
1602    -0.391
1603    -0.397
1604    -0.402
1605    -0.405
1606    -0.407
1607    -0.407
1608    -0.406
1609    -0.404
1610    -0.402
1611    -0.400
1612    -0.398
1613    -0.397
1614    -0.396
1615    -0.395
1616    -0.395
1617    -0.394
1618    -0.393
1619    -0.391
1620    -0.389
1621    -0.385
1622    -0.381
1623    -0.377
1624    -0.372
1625    -0.367
1626    -0.363
1627    -0.359
1628    -0.355
1629    -0.353
1630    -0.350
1631    -0.349
1632    -0.348
1633    -0.347
1634    -0.347
1635    -0.349
1636    -0.352
1637    -0.357
1638    -0.364
1639    -0.373
1640    -0.382
1641    -0.391
1642    -0.399
1643    -0.406
1644    -0.409
1645    -0.409
1646    -0.406
1647    -0.400
1648    -0.391
1649    -0.380
1650    -0.368
1651    -0.355
1652    -0.342
1653    -0.329
1654    -0.318
1655    -0.308
1656    -0.299
1657    -0.293
1658    -0.288
1659    -0.286
1660    -0.285
1661    -0.285
1662    -0.286
1663    -0.288
1664    -0.289
1665    -0.291
1666    -0.293
1667    -0.295
1668    -0.298
1669    -0.303
1670    -0.309
1671    -0.317
1672    -0.327
1673    -0.338
1674    -0.350
1675    -0.363
1676    -0.376
1677    -0.387
1678    -0.397
1679    -0.405
1680    -0.411
1681    -0.414
1682    -0.414
1683    -0.412
1684    -0.408
1685    -0.404
1686    -0.398
1687    -0.393
1688    -0.387
1689    -0.383
1690    -0.381
1691    -0.380
1692    -0.381
1693    -0.383
1694    -0.387
1695    -0.391
1696    -0.396
1697    -0.400
1698    -0.402
1699    -0.402
1700    -0.401
1701    -0.398
1702    -0.393
1703    -0.386
1704    -0.380
1705    -0.374
1706    -0.367
1707    -0.362
1708    -0.357
1709    -0.354
1710    -0.352
1711    -0.350
1712    -0.350
1713    -0.351
1714    -0.352
1715    -0.354
1716    -0.357
1717    -0.359
1718    -0.361
1719    -0.363
1720    -0.364
1721    -0.365
1722    -0.365
1723    -0.364
1724    -0.363
1725    -0.362
1726    -0.361
1727    -0.360
1728    -0.359
1729    -0.360
1730    -0.361
1731    -0.361
1732    -0.362
1733    -0.362
1734    -0.363
1735    -0.363
1736    -0.363
1737    -0.362
1738    -0.362
1739    -0.361
1740    -0.360
1741    -0.359
1742    -0.356
1743    -0.353
1744    -0.349
1745    -0.345
1746    -0.339
1747    -0.334
1748    -0.327
1749    -0.319
1750    -0.310
1751    -0.301
1752    -0.291
1753    -0.280
1754    -0.268
1755    -0.256
1756    -0.244
1757    -0.234
1758    -0.224
1759    -0.216
1760    -0.210
1761    -0.206
1762    -0.204
1763    -0.204
1764    -0.206
1765    -0.210
1766    -0.216
1767    -0.223
1768    -0.231
1769    -0.238
1770    -0.245
1771    -0.249
1772    -0.252
1773    -0.252
1774    -0.251
1775    -0.249
1776    -0.246
1777    -0.243
1778    -0.242
1779    -0.242
1780    -0.244
1781    -0.247
1782    -0.251
1783    -0.255
1784    -0.260
1785    -0.264
1786    -0.268
1787    -0.271
1788    -0.272
1789    -0.273
1790    -0.272
1791    -0.271
1792    -0.270
1793    -0.269
1794    -0.269
1795    -0.269
1796    -0.271
1797    -0.274
1798    -0.277
1799    -0.282
1800    -0.288
1801    -0.294
1802    -0.301
1803    -0.309
1804    -0.319
1805    -0.329
1806    -0.341
1807    -0.354
1808    -0.368
1809    -0.382
1810    -0.395
1811    -0.408
1812    -0.418
1813    -0.426
1814    -0.431
1815    -0.432
1816    -0.430
1817    -0.425
1818    -0.416
1819    -0.405
1820    -0.392
1821    -0.377
1822    -0.362
1823    -0.346
1824    -0.332
1825    -0.320
1826    -0.310
1827    -0.303
1828    -0.300
1829    -0.301
1830    -0.305
1831    -0.312
1832    -0.322
1833    -0.333
1834    -0.344
1835    -0.354
1836    -0.363
1837    -0.368
1838    -0.371
1839    -0.369
1840    -0.364
1841    -0.356
1842    -0.346
1843    -0.333
1844    -0.319
1845    -0.305
1846    -0.291
1847    -0.278
1848    -0.265
1849    -0.254
1850    -0.244
1851    -0.235
1852    -0.227
1853    -0.221
1854    -0.216
1855    -0.212
1856    -0.210
1857    -0.209
1858    -0.210
1859    -0.212
1860    -0.216
1861    -0.222
1862    -0.228
1863    -0.236
1864    -0.243
1865    -0.251
1866    -0.258
1867    -0.263
1868    -0.267
1869    -0.269
1870    -0.269
1871    -0.267
1872    -0.264
1873    -0.260
1874    -0.255
1875    -0.251
1876    -0.248
1877    -0.246
1878    -0.246
1879    -0.249
1880    -0.253
1881    -0.258
1882    -0.264
1883    -0.270
1884    -0.274
1885    -0.277
1886    -0.278
1887    -0.276
1888    -0.272
1889    -0.266
1890    -0.259
1891    -0.252
1892    -0.244
1893    -0.237
1894    -0.232
1895    -0.228
1896    -0.227
1897    -0.228
1898    -0.232
1899    -0.238
1900    -0.246
1901    -0.255
1902    -0.263
1903    -0.271
1904    -0.278
1905    -0.282
1906    -0.284
1907    -0.284
1908    -0.282
1909    -0.277
1910    -0.270
1911    -0.260
1912    -0.248
1913    -0.234
1914    -0.218
1915    -0.201
1916    -0.183
1917    -0.164
1918    -0.146
1919    -0.130
1920    -0.115
1921    -0.104
1922    -0.096
1923    -0.091
1924    -0.090
1925    -0.091
1926    -0.094
1927    -0.100
1928    -0.106
1929    -0.112
1930    -0.115
1931    -0.117
1932    -0.115
1933    -0.111
1934    -0.104
1935    -0.095
1936    -0.085
1937    -0.075
1938    -0.065
1939    -0.057
1940    -0.050
1941    -0.047
1942    -0.046
1943    -0.048
1944    -0.051
1945    -0.056
1946    -0.060
1947    -0.064
1948    -0.068
1949    -0.069
1950    -0.070
1951    -0.069
1952    -0.068
1953    -0.067
1954    -0.066
1955    -0.067
1956    -0.068
1957    -0.071
1958    -0.074
1959    -0.079
1960    -0.084
1961    -0.089
1962    -0.096
1963    -0.103
1964    -0.112
1965    -0.121
1966    -0.131
1967    -0.142
1968    -0.153
1969    -0.163
1970    -0.171
1971    -0.177
1972    -0.182
1973    -0.183
1974    -0.182
1975    -0.178
1976    -0.172
1977    -0.164
1978    -0.154
1979    -0.143
1980    -0.131
1981    -0.119
1982    -0.106
1983    -0.094
1984    -0.083
1985    -0.073
1986    -0.065
1987    -0.057
1988    -0.051
1989    -0.047
1990    -0.044
1991    -0.043
1992    -0.042
1993    -0.043
