 831    -0.746
 832    -0.742
 833    -0.730
 834    -0.710
 835    -0.682
 836    -0.647
 837    -0.608
 838    -0.568
 839    -0.530
 840    -0.496
 841    -0.470
 842    -0.451
 843    -0.441
 844    -0.440
 845    -0.446
 846    -0.459
 847    -0.479
 848    -0.505
 849    -0.534
 850    -0.567
 851    -0.605
 852    -0.647
 853    -0.690
 854    -0.736
 855    -0.783
 856    -0.828
 857    -0.870
 858    -0.908
 859    -0.939
 860    -0.965
 861    -0.984
 862    -0.995
 863    -0.998
 864    -0.993
 865    -0.979
 866    -0.955
 867    -0.923
 868    -0.883
 869    -0.835
 870    -0.784
 871    -0.730
 872    -0.673
 873    -0.619
 874    -0.567
 875    -0.521
 876    -0.483
 877    -0.451
 878    -0.427
 879    -0.408
 880    -0.396
 881    -0.387
 882    -0.378
 883    -0.370
 884    -0.359
 885    -0.343
 886    -0.324
 887    -0.301
 888    -0.274
 889    -0.246
 890    -0.221
 891    -0.197
 892    -0.180
 893    -0.172
 894    -0.176
 895    -0.191
 896    -0.221
 897    -0.262
 898    -0.315
 899    -0.378
 900    -0.447
 901    -0.520
 902    -0.589
 903    -0.655
 904    -0.713
 905    -0.761
 906    -0.798
 907    -0.824
 908    -0.837
 909    -0.840
 910    -0.834
 911    -0.822
 912    -0.807
 913    -0.789
 914    -0.770
 915    -0.753
 916    -0.737
 917    -0.722
 918    -0.710
 919    -0.698
 920    -0.685
 921    -0.672
 922    -0.658
 923    -0.641
 924    -0.622
 925    -0.602
 926    -0.580
 927    -0.558
 928    -0.535
 929    -0.513
 930    -0.491
 931    -0.471
 932    -0.453
 933    -0.439
 934    -0.429
 935    -0.424
 936    -0.424
 937    -0.429
 938    -0.440
 939    -0.455
 940    -0.474
 941    -0.495
 942    -0.518
 943    -0.541
 944    -0.562
 945    -0.582
 946    -0.598
 947    -0.610
 948    -0.618
 949    -0.623
 950    -0.624
 951    -0.623
 952    -0.619
 953    -0.612
 954    -0.603
 955    -0.591
 956    -0.576
 957    -0.556
 958    -0.532
 959    -0.504
 960    -0.473
 961    -0.437
 962    -0.402
 963    -0.367
 964    -0.333
 965    -0.303
 966    -0.278
 967    -0.259
 968    -0.247
 969    -0.239
 970    -0.237
 971    -0.239
 972    -0.243
 973    -0.247
 974    -0.250
 975    -0.249
 976    -0.243
 977    -0.233
 978    -0.217
 979    -0.197
 980    -0.172
 981    -0.142
 982    -0.110
 983    -0.076
 984    -0.043
 985    -0.010
 986     0.020
 987     0.047
 988     0.070
 989     0.086
 990     0.096
 991     0.098
 992     0.093
 993     0.082
 994     0.063
 995     0.039
 996     0.007
 997    -0.027
 998    -0.064
 999    -0.102
1000    -0.139
1001    -0.174
1002    -0.207
1003    -0.237
1004    -0.263
1005    -0.284
1006    -0.302
1007    -0.315
1008    -0.324
1009    -0.328
1010    -0.327
1011    -0.318
1012    -0.306
1013    -0.289
1014    -0.266
1015    -0.240
1016    -0.212
1017    -0.185
1018    -0.160
1019    -0.139
1020    -0.121
1021    -0.108
1022    -0.097
1023    -0.091
1024    -0.088
1025    -0.088
1026    -0.091
1027    -0.098
1028    -0.108
1029    -0.122
1030    -0.139
1031    -0.159
1032    -0.181
1033    -0.205
1034    -0.231
1035    -0.255
1036    -0.279
1037    -0.300
1038    -0.321
1039    -0.339
1040    -0.357
1041    -0.374
1042    -0.390
1043    -0.404
1044    -0.418
1045    -0.432
1046    -0.446
1047    -0.464
1048    -0.481
1049    -0.500
1050    -0.520
1051    -0.541
1052    -0.561
1053    -0.580
1054    -0.598
1055    -0.614
1056    -0.626
1057    -0.635
1058    -0.639
1059    -0.638
1060    -0.635
1061    -0.629
1062    -0.622
1063    -0.615
1064    -0.611
1065    -0.606
1066    -0.602
1067    -0.597
1068    -0.590
1069    -0.578
1070    -0.561
1071    -0.537
1072    -0.505
1073    -0.467
1074    -0.424
1075    -0.380
1076    -0.334
1077    -0.291
1078    -0.253
1079    -0.221
1080    -0.196
1081    -0.177
1082    -0.164
1083    -0.159
1084    -0.159
1085    -0.163
1086    -0.170
1087    -0.180
1088    -0.191
1089    -0.205
1090    -0.222
1091    -0.241
1092    -0.264
1093    -0.290
1094    -0.319
1095    -0.351
1096    -0.382
1097    -0.414
1098    -0.442
1099    -0.466
1100    -0.485
1101    -0.500
1102    -0.510
1103    -0.516
1104    -0.519
1105    -0.521
1106    -0.524
1107    -0.528
1108    -0.536
1109    -0.547
1110    -0.560
1111    -0.578
1112    -0.600
1113    -0.624
1114    -0.651
1115    -0.679
1116    -0.706
1117    -0.733
1118    -0.757
1119    -0.779
1120    -0.797
1121    -0.811
1122    -0.820
1123    -0.824
1124    -0.823
1125    -0.819
1126    -0.813
1127    -0.807
1128    -0.800
1129    -0.795
1130    -0.793
1131    -0.793
1132    -0.796
1133    -0.801
1134    -0.806
1135    -0.809
1136    -0.811
1137    -0.810
1138    -0.807
1139    -0.800
1140    -0.792
1141    -0.783
1142    -0.773
1143    -0.764
1144    -0.756
1145    -0.750
1146    -0.744
1147    -0.738
1148    -0.732
1149    -0.725
1150    -0.715
1151    -0.703
1152    -0.688
1153    -0.670
1154    -0.649
1155    -0.626
1156    -0.603
1157    -0.579
1158    -0.556
1159    -0.535
1160    -0.516
1161    -0.501
1162    -0.490
1163    -0.483
1164    -0.481
1165    -0.483
1166    -0.491
1167    -0.503
1168    -0.519
1169    -0.539
1170    -0.561
1171    -0.586
1172    -0.612
1173    -0.639
1174    -0.664
1175    -0.688
1176    -0.709
1177    -0.728
1178    -0.743
1179    -0.755
1180    -0.762
1181    -0.765
1182    -0.765
1183    -0.762
1184    -0.757
1185    -0.750
1186    -0.743
1187    -0.737
1188    -0.732
1189    -0.729
1190    -0.729
1191    -0.732
1192    -0.738
1193    -0.748
1194    -0.762
1195    -0.778
1196    -0.796
1197    -0.817
1198    -0.840
1199    -0.862
1200    -0.885
1201    -0.908
1202    -0.930
1203    -0.950
1204    -0.967
1205    -0.980
1206    -0.989
1207    -0.994
1208    -0.993
1209    -0.989
1210    -0.981
1211    -0.970
1212    -0.957
1213    -0.942
1214    -0.926
1215    -0.908
1216    -0.889
1217    -0.869
1218    -0.847
1219    -0.825
1220    -0.804
1221    -0.784
1222    -0.769
1223    -0.759
1224    -0.755
1225    -0.758
1226    -0.769
1227    -0.786
1228    -0.809
1229    -0.837
1230    -0.869
1231    -0.902
1232    -0.934
1233    -0.964
1234    -0.990
1235    -1.010
1236    -1.023
1237    -1.030
1238    -1.030
1239    -1.025
1240    -1.015
1241    -1.003
1242    -0.989
1243    -0.975
1244    -0.960
1245    -0.948
1246    -0.936
1247    -0.926
1248    -0.918
1249    -0.910
1250    -0.905
1251    -0.903
1252    -0.902
1253    -0.904
1254    -0.909
1255    -0.916
1256    -0.925
1257    -0.935
1258    -0.946
1259    -0.958
1260    -0.968
1261    -0.977
1262    -0.984
1263    -0.988
1264    -0.990
1265    -0.987
1266    -0.982
1267    -0.975
1268    -0.965
1269    -0.954
1270    -0.941
1271    -0.929
1272    -0.916
1273    -0.904
1274    -0.893
1275    -0.884
1276    -0.877
1277    -0.871
1278    -0.868
1279    -0.867
1280    -0.869
1281    -0.874
1282    -0.881
1283    -0.891
1284    -0.903
1285    -0.917
1286    -0.934
1287    -0.953
1288    -0.973
1289    -0.994
1290    -1.014
1291    -1.033
1292    -1.051
1293    -1.065
1294    -1.074
1295    -1.079
1296    -1.077
1297    -1.069
1298    -1.055
1299    -1.037
1300    -1.015
1301    -0.990
1302    -0.964
1303    -0.939
1304    -0.913
1305    -0.889
1306    -0.867
1307    -0.845
1308    -0.823
1309    -0.802
1310    -0.781
1311    -0.760
1312    -0.740
1313    -0.720
1314    -0.699
1315    -0.681
1316    -0.662
1317    -0.644
1318    -0.626
1319    -0.608
1320    -0.590
1321    -0.574
1322    -0.560
1323    -0.548
1324    -0.542
1325    -0.540
1326    -0.545
1327    -0.557
1328    -0.575
1329    -0.601
1330    -0.631
1331    -0.665
1332    -0.702
1333    -0.739
1334    -0.776
1335    -0.811
1336    -0.842
1337    -0.870
1338    -0.894
1339    -0.916
1340    -0.935
1341    -0.954
1342    -0.972
1343    -0.990
1344    -1.008
1345    -1.027
1346    -1.043
1347    -1.057
1348    -1.068
1349    -1.073
1350    -1.071
1351    -1.065
1352    -1.052
1353    -1.035
1354    -1.013
1355    -0.989
1356    -0.964
1357    -0.940
1358    -0.915
1359    -0.893
1360    -0.871
1361    -0.852
1362    -0.834
1363    -0.817
1364    -0.801
1365    -0.786
1366    -0.773
1367    -0.760
1368    -0.749
1369    -0.740
1370    -0.732
1371    -0.725
1372    -0.719
1373    -0.716
1374    -0.712
1375    -0.710
1376    -0.709
1377    -0.708
1378    -0.707
1379    -0.707
1380    -0.706
1381    -0.706
1382    -0.704
1383    -0.704
1384    -0.703
1385    -0.704
1386    -0.705
1387    -0.709
1388    -0.713
1389    -0.719
1390    -0.726
1391    -0.734
1392    -0.741
1393    -0.748
1394    -0.753
1395    -0.758
1396    -0.760
1397    -0.761
1398    -0.760
1399    -0.756
1400    -0.749
1401    -0.741
1402    -0.730
1403    -0.717
1404    -0.703
1405    -0.690
1406    -0.678
1407    -0.668
1408    -0.662
1409    -0.659
1410    -0.661
1411    -0.665
1412    -0.671
1413    -0.680
1414    -0.688
1415    -0.696
1416    -0.702
1417    -0.706
1418    -0.707
1419    -0.704
1420    -0.698
1421    -0.688
1422    -0.675
1423    -0.660
1424    -0.642
1425    -0.622
1426    -0.601
1427    -0.580
1428    -0.558
1429    -0.538
1430    -0.519
1431    -0.502
1432    -0.486
1433    -0.474
1434    -0.464
1435    -0.458
1436    -0.456
1437    -0.457
1438    -0.462
1439    -0.470
1440    -0.482
1441    -0.496
1442    -0.514
1443    -0.535
1444    -0.557
1445    -0.582
1446    -0.609
1447    -0.639
1448    -0.670
1449    -0.704
1450    -0.738
1451    -0.774
1452    -0.809
1453    -0.844
1454    -0.877
1455    -0.908
1456    -0.934
1457    -0.956
1458    -0.972
1459    -0.984
1460    -0.990
1461    -0.992
1462    -0.989
1463    -0.981
1464    -0.971
1465    -0.958
1466    -0.943
1467    -0.925
1468    -0.905
1469    -0.884
1470    -0.862
1471    -0.840
1472    -0.818
1473    -0.797
1474    -0.779
1475    -0.763
1476    -0.749
1477    -0.738
1478    -0.729
1479    -0.722
1480    -0.715
1481    -0.709
1482    -0.701
1483    -0.692
1484    -0.682
1485    -0.672
1486    -0.661
1487    -0.651
1488    -0.643
1489    -0.636
1490    -0.631
1491    -0.628
1492    -0.626
1493    -0.625
1494    -0.623
1495    -0.620
1496    -0.615
1497    -0.607
1498    -0.596
1499    -0.583
1500    -0.568
1501    -0.551
1502    -0.534
1503    -0.517
1504    -0.501
1505    -0.487
1506    -0.474
1507    -0.464
1508    -0.458
1509    -0.455
1510    -0.457
1511    -0.461
1512    -0.467
1513    -0.476
1514    -0.485
1515    -0.495
1516    -0.503
1517    -0.510
1518    -0.515
1519    -0.517
1520    -0.518
1521    -0.518
1522    -0.517
1523    -0.517
1524    -0.517
1525    -0.517
1526    -0.519
1527    -0.520
1528    -0.522
1529    -0.522
1530    -0.520
1531    -0.516
1532    -0.508
1533    -0.498
1534    -0.487
1535    -0.475
1536    -0.464
1537    -0.455
1538    -0.449
1539    -0.446
1540    -0.447
1541    -0.451
1542    -0.456
1543    -0.463
1544    -0.470
1545    -0.477
1546    -0.482
1547    -0.487
1548    -0.490
1549    -0.493
1550    -0.493
1551    -0.492
1552    -0.488
1553    -0.482
1554    -0.473
1555    -0.462
1556    -0.449
1557    -0.434
1558    -0.418
1559    -0.402
1560    -0.386
1561    -0.372
1562    -0.360
1563    -0.352
1564    -0.349
1565    -0.351
1566    -0.360
1567    -0.374
1568    -0.393
1569    -0.416
1570    -0.442
1571    -0.471
1572    -0.501
1573    -0.532
1574    -0.562
1575    -0.590
1576    -0.618
1577    -0.643
1578    -0.667
1579    -0.687
1580    -0.704
1581    -0.719
1582    -0.731
1583    -0.741
1584    -0.751
1585    -0.759
1586    -0.767
1587    -0.775
1588    -0.784
1589    -0.793
1590    -0.800
1591    -0.807
1592    -0.814
1593    -0.820
1594    -0.827
1595    -0.834
1596    -0.843
1597    -0.855
1598    -0.867
1599    -0.882
1600    -0.898
1601    -0.916
1602    -0.934
1603    -0.951
1604    -0.968
1605    -0.983
1606    -0.997
1607    -1.008
1608    -1.017
1609    -1.023
1610    -1.027
1611    -1.029
1612    -1.030
1613    -1.030
1614    -1.029
1615    -1.027
1616    -1.025
1617    -1.024
1618    -1.023
1619    -1.021
1620    -1.019
1621    -1.015
1622    -1.011
1623    -1.006
1624    -1.001
1625    -0.995
1626    -0.990
1627    -0.984
1628    -0.979
1629    -0.975
1630    -0.971
1631    -0.968
1632    -0.965
1633    -0.962
1634    -0.960
1635    -0.959
1636    -0.959
1637    -0.962
1638    -0.966
1639    -0.972
1640    -0.980
1641    -0.987
1642    -0.993
1643    -0.996
1644    -0.996
1645    -0.992
1646    -0.984
1647    -0.972
1648    -0.956
1649    -0.937
1650    -0.917
1651    -0.894
1652    -0.869
1653    -0.844
1654    -0.818
1655    -0.792
1656    -0.765
1657    -0.740
1658    -0.716
1659    -0.694
1660    -0.675
1661    -0.659
1662    -0.648
1663    -0.640
1664    -0.637
1665    -0.637
1666    -0.641
1667    -0.648
1668    -0.658
1669    -0.671
1670    -0.685
1671    -0.700
1672    -0.716
1673    -0.732
1674    -0.747
1675    -0.759
1676    -0.769
1677    -0.775
1678    -0.777
1679    -0.774
1680    -0.767
1681    -0.755
1682    -0.739
1683    -0.721
1684    -0.701
1685    -0.680
1686    -0.660
1687    -0.641
1688    -0.624
1689    -0.610
1690    -0.601
1691    -0.597
1692    -0.599
1693    -0.608
1694    -0.621
1695    -0.640
1696    -0.662
1697    -0.687
1698    -0.713
1699    -0.736
1700    -0.756
1701    -0.773
1702    -0.784
1703    -0.790
1704    -0.792
1705    -0.789
1706    -0.783
1707    -0.775
1708    -0.766
1709    -0.755
1710    -0.744
1711    -0.733
1712    -0.722
1713    -0.711
1714    -0.700
1715    -0.690
1716    -0.680
1717    -0.669
1718    -0.658
1719    -0.647
1720    -0.635
1721    -0.623
1722    -0.611
1723    -0.600
1724    -0.589
1725    -0.580
1726    -0.575
1727    -0.572
1728    -0.573
1729    -0.577
1730    -0.585
1731    -0.595
1732    -0.607
1733    -0.621
1734    -0.635
1735    -0.650
1736    -0.665
1737    -0.678
1738    -0.690
1739    -0.701
1740    -0.709
1741    -0.714
1742    -0.717
1743    -0.718
1744    -0.716
1745    -0.712
1746    -0.706
1747    -0.699
1748    -0.690
1749    -0.681
1750    -0.670
1751    -0.659
1752    -0.647
1753    -0.634
1754    -0.621
1755    -0.609
1756    -0.596
1757    -0.586
1758    -0.576
1759    -0.567
1760    -0.560
1761    -0.556
1762    -0.552
1763    -0.551
1764    -0.550
1765    -0.551
1766    -0.552
1767    -0.554
1768    -0.554
1769    -0.554
1770    -0.554
1771    -0.551
1772    -0.548
1773    -0.543
1774    -0.538
1775    -0.535
1776    -0.531
1777    -0.529
1778    -0.528
1779    -0.528
1780    -0.530
1781    -0.532
1782    -0.536
1783    -0.540
1784    -0.545
1785    -0.550
1786    -0.555
1787    -0.561
1788    -0.566
1789    -0.570
1790    -0.572
1791    -0.572
1792    -0.571
1793    -0.567
1794    -0.562
1795    -0.556
1796    -0.549
1797    -0.543
1798    -0.538
1799    -0.535
1800    -0.535
1801    -0.537
1802    -0.543
1803    -0.554
1804    -0.569
1805    -0.590
1806    -0.614
1807    -0.643
1808    -0.676
1809    -0.711
1810    -0.748
1811    -0.784
1812    -0.820
1813    -0.852
1814    -0.879
1815    -0.902
1816    -0.917
1817    -0.926
1818    -0.928
1819    -0.922
1820    -0.909
1821    -0.890
1822    -0.866
1823    -0.839
1824    -0.810
1825    -0.781
1826    -0.754
1827    -0.730
1828    -0.711
1829    -0.696
1830    -0.688
1831    -0.685
1832    -0.687
1833    -0.692
1834    -0.700
1835    -0.709
1836    -0.719
1837    -0.727
1838    -0.732
1839    -0.734
1840    -0.732
1841    -0.726
1842    -0.715
1843    -0.701
1844    -0.685
1845    -0.667
1846    -0.648
1847    -0.629
1848    -0.610
1849    -0.592
1850    -0.576
1851    -0.561
1852    -0.548
1853    -0.537
1854    -0.526
1855    -0.517
1856    -0.509
1857    -0.502
1858    -0.496
1859    -0.491
1860    -0.489
1861    -0.488
1862    -0.491
1863    -0.494
1864    -0.501
1865    -0.509
1866    -0.520
1867    -0.531
1868    -0.542
1869    -0.553
1870    -0.563
1871    -0.570
1872    -0.577
1873    -0.579
1874    -0.579
1875    -0.577
1876    -0.572
1877    -0.566
1878    -0.560
1879    -0.554
1880    -0.550
1881    -0.547
1882    -0.547
1883    -0.547
1884    -0.548
1885    -0.550
1886    -0.550
1887    -0.549
1888    -0.544
1889    -0.537
1890    -0.528
1891    -0.515
1892    -0.501
1893    -0.485
1894    -0.470
1895    -0.455
1896    -0.441
1897    -0.429
1898    -0.418
1899    -0.410
1900    -0.405
1901    -0.400
1902    -0.396
1903    -0.394
1904    -0.392
1905    -0.391
1906    -0.391
1907    -0.392
1908    -0.394
1909    -0.397
1910    -0.401
1911    -0.405
1912    -0.407
1913    -0.408
1914    -0.406
1915    -0.402
1916    -0.395
1917    -0.384
1918    -0.371
1919    -0.356
1920    -0.341
1921    -0.326
1922    -0.311
1923    -0.298
1924    -0.285
1925    -0.272
1926    -0.261
1927    -0.249
1928    -0.237
1929    -0.225
1930    -0.212
1931    -0.198
1932    -0.183
1933    -0.168
1934    -0.155
1935    -0.142
1936    -0.132
1937    -0.124
1938    -0.118
1939    -0.114
1940    -0.111
1941    -0.109
1942    -0.107
1943    -0.104
1944    -0.100
1945    -0.095
1946    -0.088
1947    -0.080
1948    -0.071
1949    -0.061
1950    -0.051
1951    -0.041
1952    -0.031
1953    -0.022
1954    -0.014
1955    -0.009
1956    -0.007
1957    -0.008
1958    -0.013
1959    -0.021
1960    -0.032
1961    -0.045
1962    -0.060
1963    -0.075
1964    -0.092
1965    -0.108
1966    -0.124
1967    -0.140
1968    -0.154
1969    -0.167
1970    -0.177
1971    -0.184
1972    -0.187
1973    -0.186
1974    -0.180
1975    -0.171
1976    -0.159
1977    -0.144
1978    -0.129
1979    -0.113
1980    -0.097
1981    -0.083
1982    -0.071
1983    -0.061
1984    -0.053
1985    -0.047
1986    -0.043
1987    -0.040
1988    -0.039
1989    -0.038
1990    -0.037
1991    -0.037
1992    -0.037
