1856    -0.294
1857    -0.295
1858    -0.294
1859    -0.292
1860    -0.289
1861    -0.285
1862    -0.279
1863    -0.273
1864    -0.266
1865    -0.258
1866    -0.252
1867    -0.246
1868    -0.242
1869    -0.239
1870    -0.238
1871    -0.238
1872    -0.239
1873    -0.240
1874    -0.241
1875    -0.242
1876    -0.243
1877    -0.245
1878    -0.247
1879    -0.251
1880    -0.256
1881    -0.261
1882    -0.267
1883    -0.274
1884    -0.280
1885    -0.287
1886    -0.293
1887    -0.298
1888    -0.302
1889    -0.306
1890    -0.308
1891    -0.310
1892    -0.310
1893    -0.308
1894    -0.305
1895    -0.302
1896    -0.298
1897    -0.296
1898    -0.295
1899    -0.296
1900    -0.300
1901    -0.306
1902    -0.314
1903    -0.324
1904    -0.334
1905    -0.344
1906    -0.353
1907    -0.361
1908    -0.366
1909    -0.369
1910    -0.371
1911    -0.370
1912    -0.367
1913    -0.361
1914    -0.355
1915    -0.346
1916    -0.337
1917    -0.325
1918    -0.312
1919    -0.298
1920    -0.283
1921    -0.267
1922    -0.250
1923    -0.233
1924    -0.217
1925    -0.200
1926    -0.183
1927    -0.168
1928    -0.153
1929    -0.139
1930    -0.124
1931    -0.108
1932    -0.093
1933    -0.078
1934    -0.063
1935    -0.048
1936    -0.033
1937    -0.020
1938    -0.008
1939     0.003
1940     0.012
1941     0.019
1942     0.023
1943     0.025
1944     0.025
1945     0.023
1946     0.020
1947     0.016
1948     0.012
1949     0.007
1950     0.004
1951     0.000
1952    -0.003
1953    -0.004
1954    -0.004
1955    -0.004
1956    -0.003
1957    -0.003
1958    -0.003
1959    -0.003
1960    -0.005
1961    -0.008
1962    -0.013
1963    -0.020
1964    -0.027
1965    -0.035
1966    -0.044
1967    -0.053
1968    -0.060
1969    -0.067
1970    -0.071
1971    -0.074
1972    -0.075
1973    -0.072
1974    -0.066
1975    -0.056
1976    -0.044
1977    -0.029
1978    -0.012
1979     0.006
1980     0.024
1981     0.043
1982     0.063
1983     0.082
1984     0.102
1985     0.123
1986     0.145
1987     0.167
1988     0.190
1989     0.214
1990     0.239
1991     0.264
1992     0.290
1993     0.316
1994     0.342
1995     0.368
1996     0.394
1997     0.419
1998     0.442
1999     0.464
2000     0.482
2001     0.497
2002     0.508
2003     0.516
2004     0.521
2005     0.522
