1000    -0.196
1001    -0.197
1002    -0.197
1003    -0.198
1004    -0.197
1005    -0.197
1006    -0.197
1007    -0.196
1008    -0.195
1009    -0.195
1010    -0.195
1011    -0.195
1012    -0.195
1013    -0.195
1014    -0.194
1015    -0.191
1016    -0.188
1017    -0.184
1018    -0.180
1019    -0.175
1020    -0.172
1021    -0.169
1022    -0.168
1023    -0.168
1024    -0.169
1025    -0.171
1026    -0.174
1027    -0.179
1028    -0.183
1029    -0.187
1030    -0.191
1031    -0.194
1032    -0.195
1033    -0.195
1034    -0.194
1035    -0.191
1036    -0.186
1037    -0.181
1038    -0.175
1039    -0.168
1040    -0.162
1041    -0.157
1042    -0.152
1043    -0.148
1044    -0.146
1045    -0.145
1046    -0.146
1047    -0.148
1048    -0.151
1049    -0.156
1050    -0.162
1051    -0.168
1052    -0.174
1053    -0.179
1054    -0.184
1055    -0.188
1056    -0.191
1057    -0.192
1058    -0.193
1059    -0.191
1060    -0.189
1061    -0.185
1062    -0.181
1063    -0.177
1064    -0.172
1065    -0.168
1066    -0.164
1067    -0.159
1068    -0.155
1069    -0.151
1070    -0.149
1071    -0.146
1072    -0.145
1073    -0.142
1074    -0.141
1075    -0.140
1076    -0.140
1077    -0.138
1078    -0.136
1079    -0.132
1080    -0.130
1081    -0.127
1082    -0.123
1083    -0.120
1084    -0.117
1085    -0.115
1086    -0.114
1087    -0.113
1088    -0.113
1089    -0.114
1090    -0.116
1091    -0.118
1092    -0.120
1093    -0.123
1094    -0.126
1095    -0.128
1096    -0.129
1097    -0.130
1098    -0.130
1099    -0.129
1100    -0.128
1101    -0.127
1102    -0.126
1103    -0.126
1104    -0.127
1105    -0.129
1106    -0.133
1107    -0.137
1108    -0.144
1109    -0.151
1110    -0.159
1111    -0.167
1112    -0.175
1113    -0.183
1114    -0.190
1115    -0.197
1116    -0.201
1117    -0.205
1118    -0.208
1119    -0.209
1120    -0.210
1121    -0.209
1122    -0.208
1123    -0.207
1124    -0.205
1125    -0.204
1126    -0.204
1127    -0.204
1128    -0.205
1129    -0.206
1130    -0.208
1131    -0.211
1132    -0.214
1133    -0.218
1134    -0.221
1135    -0.225
1136    -0.229
1137    -0.232
1138    -0.236
1139    -0.239
1140    -0.240
1141    -0.241
1142    -0.239
1143    -0.237
1144    -0.232
1145    -0.225
1146    -0.217
1147    -0.207
1148    -0.197
1149    -0.187
1150    -0.177
1151    -0.167
1152    -0.159
1153    -0.151
1154    -0.145
1155    -0.140
1156    -0.136
1157    -0.132
1158    -0.128
1159    -0.123
1160    -0.117
1161    -0.111
1162    -0.103
1163    -0.094
1164    -0.085
1165    -0.075
1166    -0.067
1167    -0.060
1168    -0.054
1169    -0.051
1170    -0.051
1171    -0.053
1172    -0.059
1173    -0.066
1174    -0.075
1175    -0.084
1176    -0.093
1177    -0.101
1178    -0.109
1179    -0.116
1180    -0.121
1181    -0.126
1182    -0.130
1183    -0.133
1184    -0.137
1185    -0.140
1186    -0.145
1187    -0.150
1188    -0.158
1189    -0.166
1190    -0.175
1191    -0.186
1192    -0.197
1193    -0.209
1194    -0.222
1195    -0.233
1196    -0.243
1197    -0.252
1198    -0.260
1199    -0.265
1200    -0.269
1201    -0.273
1202    -0.275
1203    -0.276
1204    -0.277
1205    -0.276
1206    -0.275
1207    -0.272
1208    -0.267
1209    -0.262
1210    -0.255
1211    -0.246
1212    -0.238
1213    -0.229
1214    -0.220
1215    -0.211
1216    -0.203
1217    -0.195
1218    -0.187
1219    -0.179
1220    -0.173
1221    -0.169
1222    -0.166
1223    -0.166
1224    -0.169
1225    -0.174
1226    -0.180
1227    -0.188
1228    -0.196
1229    -0.203
1230    -0.210
1231    -0.216
1232    -0.221
1233    -0.224
1234    -0.228
1235    -0.230
1236    -0.230
1237    -0.231
1238    -0.231
1239    -0.229
1240    -0.225
1241    -0.220
1242    -0.213
1243    -0.205
1244    -0.195
1245    -0.183
1246    -0.171
1247    -0.158
1248    -0.147
1249    -0.138
1250    -0.132
1251    -0.129
1252    -0.130
1253    -0.135
1254    -0.144
1255    -0.155
1256    -0.169
1257    -0.183
1258    -0.197
1259    -0.210
1260    -0.221
1261    -0.229
1262    -0.235
1263    -0.239
1264    -0.239
1265    -0.236
1266    -0.231
1267    -0.225
1268    -0.217
1269    -0.208
1270    -0.200
1271    -0.192
1272    -0.186
1273    -0.181
1274    -0.177
1275    -0.174
1276    -0.173
1277    -0.173
1278    -0.173
1279    -0.174
1280    -0.176
1281    -0.177
1282    -0.179
1283    -0.182
1284    -0.186
1285    -0.189
1286    -0.193
1287    -0.197
1288    -0.201
1289    -0.205
1290    -0.208
1291    -0.212
1292    -0.214
1293    -0.216
1294    -0.217
1295    -0.217
1296    -0.216
1297    -0.214
1298    -0.210
1299    -0.204
1300    -0.199
1301    -0.192
1302    -0.184
1303    -0.176
1304    -0.169
1305    -0.162
1306    -0.155
1307    -0.148
1308    -0.142
1309    -0.135
1310    -0.129
1311    -0.123
1312    -0.117
1313    -0.112
1314    -0.108
1315    -0.105
1316    -0.104
1317    -0.104
1318    -0.105
1319    -0.107
1320    -0.111
1321    -0.115
1322    -0.120
1323    -0.125
1324    -0.132
1325    -0.141
1326    -0.150
1327    -0.160
1328    -0.173
1329    -0.185
1330    -0.199
1331    -0.213
1332    -0.228
1333    -0.242
1334    -0.257
1335    -0.271
1336    -0.285
1337    -0.299
1338    -0.312
1339    -0.324
1340    -0.335
1341    -0.344
1342    -0.351
1343    -0.357
1344    -0.361
1345    -0.363
1346    -0.362
1347    -0.358
1348    -0.352
1349    -0.343
1350    -0.331
1351    -0.318
1352    -0.303
1353    -0.287
1354    -0.272
1355    -0.256
1356    -0.243
1357    -0.230
1358    -0.218
1359    -0.206
1360    -0.195
1361    -0.183
1362    -0.172
1363    -0.161
1364    -0.151
1365    -0.141
1366    -0.132
1367    -0.125
1368    -0.119
1369    -0.116
1370    -0.114
1371    -0.115
1372    -0.117
1373    -0.121
1374    -0.126
1375    -0.131
1376    -0.136
1377    -0.140
1378    -0.144
1379    -0.147
1380    -0.149
1381    -0.149
1382    -0.148
1383    -0.146
1384    -0.144
1385    -0.141
1386    -0.138
1387    -0.135
1388    -0.133
1389    -0.132
1390    -0.132
1391    -0.134
1392    -0.138
1393    -0.145
1394    -0.153
1395    -0.164
1396    -0.176
1397    -0.189
1398    -0.201
1399    -0.213
1400    -0.224
1401    -0.233
1402    -0.239
1403    -0.244
1404    -0.246
1405    -0.246
1406    -0.245
1407    -0.243
1408    -0.241
1409    -0.239
1410    -0.238
1411    -0.236
1412    -0.236
1413    -0.235
1414    -0.235
1415    -0.236
1416    -0.237
1417    -0.239
1418    -0.241
1419    -0.243
1420    -0.245
1421    -0.247
1422    -0.248
1423    -0.249
1424    -0.250
1425    -0.250
1426    -0.250
1427    -0.249
1428    -0.248
1429    -0.245
1430    -0.242
1431    -0.237
1432    -0.232
1433    -0.226
1434    -0.221
1435    -0.215
1436    -0.211
1437    -0.209
1438    -0.208
1439    -0.208
1440    -0.210
1441    -0.215
1442    -0.222
1443    -0.230
1444    -0.241
1445    -0.253
1446    -0.267
1447    -0.282
1448    -0.298
1449    -0.315
1450    -0.332
1451    -0.349
1452    -0.366
1453    -0.383
1454    -0.400
1455    -0.417
1456    -0.432
1457    -0.446
1458    -0.458
1459    -0.468
1460    -0.477
1461    -0.483
1462    -0.487
1463    -0.488
1464    -0.488
1465    -0.486
1466    -0.482
1467    -0.476
1468    -0.468
1469    -0.459
1470    -0.449
1471    -0.437
1472    -0.424
1473    -0.410
1474    -0.396
1475    -0.381
1476    -0.365
1477    -0.350
1478    -0.336
1479    -0.323
1480    -0.311
1481    -0.300
1482    -0.291
1483    -0.283
1484    -0.277
1485    -0.272
1486    -0.269
1487    -0.268
1488    -0.268
1489    -0.271
1490    -0.275
1491    -0.281
1492    -0.288
1493    -0.295
1494    -0.302
1495    -0.309
1496    -0.313
1497    -0.315
1498    -0.315
1499    -0.312
1500    -0.306
1501    -0.297
1502    -0.287
1503    -0.275
1504    -0.262
1505    -0.250
1506    -0.238
1507    -0.228
1508    -0.219
1509    -0.214
1510    -0.211
1511    -0.212
1512    -0.215
1513    -0.220
1514    -0.226
1515    -0.233
1516    -0.240
1517    -0.246
1518    -0.250
1519    -0.252
1520    -0.253
1521    -0.253
1522    -0.250
1523    -0.247
1524    -0.243
1525    -0.240
1526    -0.236
1527    -0.233
1528    -0.230
1529    -0.229
1530    -0.229
1531    -0.230
1532    -0.231
1533    -0.233
1534    -0.236
1535    -0.240
1536    -0.244
1537    -0.248
1538    -0.252
1539    -0.256
1540    -0.260
1541    -0.264
1542    -0.267
1543    -0.269
1544    -0.272
1545    -0.274
1546    -0.275
1547    -0.275
1548    -0.273
1549    -0.271
1550    -0.268
1551    -0.263
1552    -0.258
1553    -0.253
1554    -0.247
1555    -0.241
1556    -0.235
1557    -0.228
1558    -0.222
1559    -0.216
1560    -0.210
1561    -0.203
1562    -0.197
1563    -0.192
1564    -0.189
1565    -0.188
1566    -0.188
1567    -0.191
1568    -0.196
1569    -0.202
1570    -0.210
1571    -0.220
1572    -0.230
1573    -0.241
1574    -0.251
1575    -0.262
1576    -0.271
1577    -0.280
1578    -0.287
1579    -0.293
1580    -0.298
1581    -0.301
1582    -0.305
1583    -0.308
1584    -0.312
1585    -0.315
1586    -0.319
1587    -0.322
1588    -0.325
1589    -0.328
1590    -0.329
1591    -0.329
1592    -0.328
1593    -0.326
1594    -0.325
1595    -0.323
1596    -0.322
1597    -0.321
1598    -0.322
1599    -0.323
1600    -0.324
1601    -0.325
1602    -0.327
1603    -0.327
1604    -0.326
1605    -0.325
1606    -0.322
1607    -0.318
1608    -0.313
1609    -0.308
1610    -0.302
1611    -0.295
1612    -0.288
1613    -0.282
1614    -0.276
1615    -0.270
1616    -0.266
1617    -0.263
1618    -0.263
1619    -0.264
1620    -0.268
1621    -0.273
1622    -0.278
1623    -0.284
1624    -0.289
1625    -0.292
1626    -0.293
1627    -0.291
1628    -0.287
1629    -0.281
1630    -0.273
1631    -0.264
1632    -0.256
1633    -0.249
1634    -0.245
1635    -0.243
1636    -0.244
1637    -0.248
1638    -0.254
1639    -0.262
1640    -0.271
1641    -0.280
1642    -0.287
1643    -0.292
1644    -0.294
1645    -0.293
1646    -0.289
1647    -0.283
1648    -0.275
1649    -0.265
1650    -0.255
1651    -0.245
1652    -0.236
1653    -0.229
1654    -0.224
1655    -0.221
1656    -0.221
1657    -0.224
1658    -0.230
1659    -0.239
1660    -0.250
1661    -0.263
1662    -0.278
1663    -0.293
1664    -0.307
1665    -0.322
1666    -0.335
1667    -0.348
1668    -0.358
1669    -0.368
1670    -0.376
1671    -0.382
1672    -0.387
1673    -0.391
1674    -0.392
1675    -0.393
1676    -0.392
1677    -0.388
1678    -0.384
1679    -0.378
1680    -0.372
1681    -0.364
1682    -0.356
1683    -0.347
1684    -0.338
1685    -0.329
1686    -0.320
1687    -0.313
1688    -0.307
1689    -0.302
1690    -0.301
1691    -0.303
1692    -0.308
1693    -0.316
1694    -0.325
1695    -0.337
1696    -0.348
1697    -0.358
1698    -0.367
1699    -0.374
1700    -0.377
1701    -0.379
1702    -0.378
1703    -0.375
1704    -0.371
1705    -0.366
1706    -0.360
1707    -0.355
1708    -0.350
1709    -0.345
1710    -0.340
1711    -0.335
1712    -0.330
1713    -0.324
1714    -0.317
1715    -0.309
1716    -0.300
1717    -0.290
1718    -0.279
1719    -0.268
1720    -0.257
1721    -0.249
1722    -0.241
1723    -0.236
1724    -0.233
1725    -0.232
1726    -0.234
1727    -0.236
1728    -0.240
1729    -0.245
1730    -0.250
1731    -0.255
1732    -0.260
1733    -0.263
1734    -0.266
1735    -0.268
1736    -0.270
1737    -0.271
1738    -0.273
1739    -0.274
1740    -0.277
1741    -0.279
1742    -0.280
1743    -0.281
1744    -0.280
1745    -0.279
1746    -0.275
1747    -0.271
1748    -0.266
1749    -0.261
1750    -0.255
1751    -0.250
1752    -0.245
1753    -0.240
1754    -0.236
1755    -0.232
1756    -0.228
1757    -0.224
1758    -0.221
1759    -0.217
1760    -0.214
1761    -0.210
1762    -0.206
1763    -0.202
1764    -0.196
1765    -0.190
1766    -0.183
1767    -0.176
1768    -0.169
1769    -0.163
1770    -0.158
1771    -0.155
1772    -0.155
1773    -0.158
1774    -0.164
1775    -0.172
1776    -0.183
1777    -0.196
1778    -0.210
1779    -0.224
1780    -0.238
1781    -0.250
1782    -0.261
1783    -0.269
1784    -0.275
1785    -0.278
1786    -0.279
1787    -0.277
1788    -0.273
1789    -0.267
1790    -0.261
1791    -0.254
1792    -0.248
1793    -0.243
1794    -0.239
1795    -0.237
1796    -0.236
1797    -0.237
1798    -0.238
1799    -0.240
1800    -0.242
1801    -0.245
1802    -0.248
1803    -0.251
1804    -0.255
1805    -0.259
1806    -0.265
1807    -0.272
1808    -0.281
1809    -0.291
1810    -0.303
1811    -0.316
1812    -0.329
1813    -0.342
1814    -0.354
1815    -0.364
1816    -0.372
1817    -0.377
1818    -0.379
1819    -0.378
1820    -0.374
1821    -0.366
1822    -0.357
1823    -0.346
1824    -0.335
1825    -0.324
1826    -0.314
1827    -0.306
1828    -0.300
1829    -0.297
1830    -0.297
1831    -0.300
1832    -0.307
1833    -0.315
1834    -0.324
1835    -0.336
1836    -0.347
1837    -0.357
1838    -0.366
1839    -0.373
1840    -0.378
1841    -0.381
1842    -0.381
1843    -0.380
1844    -0.376
1845    -0.373
1846    -0.368
1847    -0.363
1848    -0.358
1849    -0.353
1850    -0.347
1851    -0.342
1852    -0.337
1853    -0.333
1854    -0.329
1855    -0.326
1856    -0.323
1857    -0.323
1858    -0.323
1859    -0.323
1860    -0.325
1861    -0.327
1862    -0.331
1863    -0.334
1864    -0.337
1865    -0.340
1866    -0.344
1867    -0.347
1868    -0.349
1869    -0.350
1870    -0.350
1871    -0.349
1872    -0.346
1873    -0.342
1874    -0.338
1875    -0.334
1876    -0.330
1877    -0.327
1878    -0.324
1879    -0.323
1880    -0.322
1881    -0.323
1882    -0.324
1883    -0.325
1884    -0.326
1885    -0.328
1886    -0.330
1887    -0.331
1888    -0.332
1889    -0.332
1890    -0.332
1891    -0.333
1892    -0.332
1893    -0.330
1894    -0.329
1895    -0.329
1896    -0.330
1897    -0.333
1898    -0.336
1899    -0.341
1900    -0.347
1901    -0.354
1902    -0.361
1903    -0.368
1904    -0.375
1905    -0.380
1906    -0.383
1907    -0.385
1908    -0.385
1909    -0.383
1910    -0.379
1911    -0.373
1912    -0.366
1913    -0.356
1914    -0.347
1915    -0.336
1916    -0.324
1917    -0.312
1918    -0.299
1919    -0.286
1920    -0.272
1921    -0.257
1922    -0.241
1923    -0.225
1924    -0.208
1925    -0.191
1926    -0.175
1927    -0.159
1928    -0.143
1929    -0.128
1930    -0.112
1931    -0.097
1932    -0.082
1933    -0.068
1934    -0.054
1935    -0.040
1936    -0.028
1937    -0.017
1938    -0.007
1939     0.002
1940     0.007
1941     0.012
1942     0.014
1943     0.014
1944     0.012
1945     0.009
1946     0.004
1947    -0.001
1948    -0.007
1949    -0.014
1950    -0.019
1951    -0.022
1952    -0.024
1953    -0.023
1954    -0.020
1955    -0.016
1956    -0.010
1957    -0.004
1958     0.001
1959     0.006
1960     0.010
1961     0.012
1962     0.012
1963     0.011
1964     0.009
1965     0.004
1966    -0.001
1967    -0.007
1968    -0.014
1969    -0.021
1970    -0.027
1971    -0.032
1972    -0.036
1973    -0.038
1974    -0.039
1975    -0.038
1976    -0.035
1977    -0.032
1978    -0.029
1979    -0.025
1980    -0.023

