 200    -0.210
 201    -0.209
 202    -0.209
 203    -0.208
 204    -0.208
 205    -0.208
 206    -0.208
 207    -0.208
 208    -0.207
 209    -0.206
 210    -0.205
 211    -0.204
 212    -0.202
 213    -0.200
 214    -0.199
 215    -0.198
 216    -0.197
 217    -0.198
 218    -0.199
 219    -0.202
 220    -0.205
 221    -0.209
 222    -0.213
 223    -0.218
 224    -0.224
 225    -0.229
 226    -0.235
 227    -0.242
 228    -0.248
 229    -0.255
 230    -0.262
 231    -0.268
 232    -0.274
 233    -0.279
 234    -0.282
 235    -0.284
 236    -0.283
 237    -0.281
 238    -0.277
 239    -0.271
 240    -0.264
 241    -0.256
 242    -0.248
 243    -0.240
 244    -0.232
 245    -0.225
 246    -0.219
 247    -0.214
 248    -0.210
 249    -0.207
 250    -0.205
 251    -0.205
 252    -0.206
 253    -0.207
 254    -0.210
 255    -0.214
 256    -0.217
 257    -0.221
 258    -0.224
 259    -0.227
 260    -0.229
 261    -0.231
 262    -0.232
 263    -0.232
 264    -0.232
 265    -0.232
 266    -0.233
 267    -0.233
 268    -0.235
 269    -0.237
 270    -0.239
 271    -0.241
 272    -0.242
 273    -0.243
 274    -0.243
 275    -0.241
 276    -0.238
 277    -0.233
 278    -0.227
 279    -0.221
 280    -0.214
 281    -0.208
 282    -0.203
 283    -0.199
 284    -0.197
 285    -0.197
 286    -0.200
 287    -0.204
 288    -0.210
 289    -0.218
 290    -0.226
 291    -0.235
 292    -0.243
 293    -0.250
 294    -0.256
 295    -0.261
 296    -0.265
 297    -0.268
 298    -0.271
 299    -0.273
 300    -0.275
 301    -0.277
 302    -0.279
 303    -0.280
 304    -0.281
 305    -0.282
 306    -0.281
 307    -0.279
 308    -0.276
 309    -0.273
 310    -0.269
 311    -0.264
 312    -0.261
 313    -0.258
 314    -0.256
 315    -0.256
 316    -0.257
 317    -0.260
 318    -0.263
 319    -0.266
 320    -0.270
 321    -0.272
 322    -0.273
 323    -0.273
 324    -0.272
 325    -0.270
 326    -0.267
 327    -0.263
 328    -0.260
 329    -0.258
 330    -0.256
 331    -0.256
 332    -0.258
 333    -0.260
 334    -0.264
 335    -0.269
 336    -0.274
 337    -0.280
 338    -0.284
 339    -0.289
 340    -0.292
 341    -0.294
 342    -0.295
 343    -0.294
 344    -0.293
 345    -0.291
 346    -0.287
 347    -0.283
 348    -0.279
 349    -0.274
 350    -0.270
 351    -0.265
 352    -0.261
 353    -0.258
 354    -0.254
 355    -0.252
 356    -0.250
 357    -0.249
 358    -0.249
 359    -0.249
 360    -0.250
 361    -0.252
 362    -0.254
 363    -0.256
 364    -0.259
 365    -0.263
 366    -0.266
 367    -0.270
 368    -0.273
 369    -0.276
 370    -0.279
 371    -0.280
 372    -0.281
 373    -0.282
 374    -0.282
 375    -0.282
 376    -0.281
 377    -0.281
 378    -0.281
 379    -0.281
 380    -0.281
 381    -0.281
 382    -0.281
 383    -0.281
 384    -0.280
 385    -0.278
 386    -0.276
 387    -0.274
 388    -0.272
 389    -0.269
 390    -0.266
 391    -0.264
 392    -0.262
 393    -0.262
 394    -0.261
 395    -0.262
 396    -0.264
 397    -0.266
 398    -0.268
 399    -0.271
 400    -0.273
 401    -0.276
 402    -0.278
 403    -0.279
 404    -0.280
 405    -0.281
 406    -0.281
 407    -0.281
 408    -0.282
 409    -0.283
 410    -0.284
 411    -0.286
 412    -0.288
 413    -0.290
 414    -0.293
 415    -0.295
 416    -0.296
 417    -0.297
 418    -0.297
 419    -0.296
 420    -0.295
 421    -0.292
 422    -0.288
 423    -0.283
 424    -0.278
 425    -0.273
 426    -0.268
 427    -0.263
 428    -0.259
 429    -0.257
 430    -0.255
 431    -0.256
 432    -0.258
 433    -0.262
 434    -0.267
 435    -0.274
 436    -0.281
 437    -0.288
 438    -0.296
 439    -0.302
 440    -0.308
 441    -0.312
 442    -0.315
 443    -0.316
 444    -0.315
 445    -0.313
 446    -0.309
 447    -0.304
 448    -0.298
 449    -0.291
 450    -0.284
 451    -0.277
 452    -0.270
 453    -0.264
 454    -0.260
 455    -0.257
 456    -0.256
 457    -0.257
 458    -0.260
 459    -0.264
 460    -0.269
 461    -0.275
 462    -0.282
 463    -0.288
 464    -0.295
 465    -0.301
 466    -0.306
 467    -0.310
 468    -0.313
 469    -0.315
 470    -0.316
 471    -0.315
 472    -0.313
 473    -0.310
 474    -0.305
 475    -0.300
 476    -0.295
 477    -0.289
 478    -0.283
 479    -0.279
 480    -0.275
 481    -0.272
 482    -0.270
 483    -0.269
 484    -0.269
 485    -0.269
 486    -0.270
 487    -0.271
 488    -0.271
 489    -0.271
 490    -0.270
 491    -0.268
 492    -0.265
 493    -0.262
 494    -0.259
 495    -0.255
 496    -0.251
 497    -0.246
 498    -0.243
 499    -0.239
 500    -0.236
 501    -0.234
 502    -0.232
 503    -0.231
 504    -0.231
 505    -0.232
 506    -0.234
 507    -0.236
 508    -0.239
 509    -0.242
 510    -0.245
 511    -0.249
 512    -0.252
 513    -0.255
 514    -0.258
 515    -0.259
 516    -0.260
 517    -0.259
 518    -0.258
 519    -0.256
 520    -0.254
 521    -0.251
 522    -0.249
 523    -0.247
 524    -0.247
 525    -0.248
 526    -0.251
 527    -0.255
 528    -0.261
 529    -0.268
 530    -0.277
 531    -0.286
 532    -0.296
 533    -0.306
 534    -0.317
 535    -0.327
 536    -0.336
 537    -0.345
 538    -0.353
 539    -0.360
 540    -0.366
 541    -0.371
 542    -0.374
 543    -0.376
 544    -0.376
 545    -0.374
 546    -0.371
 547    -0.366
 548    -0.361
 549    -0.354
 550    -0.347
 551    -0.339
 552    -0.332
 553    -0.325
 554    -0.318
 555    -0.313
 556    -0.309
 557    -0.305
 558    -0.303
 559    -0.303
 560    -0.303
 561    -0.304
 562    -0.305
 563    -0.307
 564    -0.308
 565    -0.310
 566    -0.311
 567    -0.311
 568    -0.311
 569    -0.309
 570    -0.307
 571    -0.304
 572    -0.301
 573    -0.297
 574    -0.293
 575    -0.288
 576    -0.283
 577    -0.278
 578    -0.272
 579    -0.265
 580    -0.257
 581    -0.249
 582    -0.241
 583    -0.232
 584    -0.224
 585    -0.216
 586    -0.210
 587    -0.205
 588    -0.201
 589    -0.198
 590    -0.197
 591    -0.196
 592    -0.196
 593    -0.197
 594    -0.198
 595    -0.198
 596    -0.199
 597    -0.200
 598    -0.201
 599    -0.202
 600    -0.204
 601    -0.206
 602    -0.208
 603    -0.211
 604    -0.214
 605    -0.217
 606    -0.221
 607    -0.226
 608    -0.230
 609    -0.234
 610    -0.237
 611    -0.240
 612    -0.242
 613    -0.244
 614    -0.244
 615    -0.244
 616    -0.243
 617    -0.242
 618    -0.242
 619    -0.242
 620    -0.242
 621    -0.243
 622    -0.245
 623    -0.248
 624    -0.251
 625    -0.255
 626    -0.258
 627    -0.261
 628    -0.264
 629    -0.266
 630    -0.268
 631    -0.270
 632    -0.271
 633    -0.273
 634    -0.275
 635    -0.277
 636    -0.280
 637    -0.283
 638    -0.287
 639    -0.291
 640    -0.296
 641    -0.301
 642    -0.305
 643    -0.310
 644    -0.314
 645    -0.317
 646    -0.318
 647    -0.319
 648    -0.318
 649    -0.315
 650    -0.311
 651    -0.306
 652    -0.301
 653    -0.294
 654    -0.288
 655    -0.281
 656    -0.275
 657    -0.270
 658    -0.264
 659    -0.259
 660    -0.254
 661    -0.250
 662    -0.244
 663    -0.239
 664    -0.234
 665    -0.228
 666    -0.222
 667    -0.217
 668    -0.213
 669    -0.211
 670    -0.209
 671    -0.210
 672    -0.212
 673    -0.216
 674    -0.221
 675    -0.227
 676    -0.233
 677    -0.239
 678    -0.244
 679    -0.249
 680    -0.252
 681    -0.255
 682    -0.256
 683    -0.255
 684    -0.254
 685    -0.253
 686    -0.251
 687    -0.250
 688    -0.249
 689    -0.250
 690    -0.251
 691    -0.253
 692    -0.257
 693    -0.262
 694    -0.267
 695    -0.272
 696    -0.277
 697    -0.281
 698    -0.284
 699    -0.287
 700    -0.287
 701    -0.287
 702    -0.286
 703    -0.284
 704    -0.282
 705    -0.280
 706    -0.277
 707    -0.275
 708    -0.274
 709    -0.272
 710    -0.271
 711    -0.271
 712    -0.270
 713    -0.270
 714    -0.270
 715    -0.269
 716    -0.269
 717    -0.267
 718    -0.265
 719    -0.263
 720    -0.259
 721    -0.254
 722    -0.249
 723    -0.243
 724    -0.238
 725    -0.232
 726    -0.227
 727    -0.223
 728    -0.220
 729    -0.218
 730    -0.217
 731    -0.218
 732    -0.220
 733    -0.224
 734    -0.229
 735    -0.235
 736    -0.242
 737    -0.250
 738    -0.258
 739    -0.265
 740    -0.273
 741    -0.279
 742    -0.283
 743    -0.286
 744    -0.288
 745    -0.288
 746    -0.286
 747    -0.283
 748    -0.279
 749    -0.274
 750    -0.269
 751    -0.263
 752    -0.257
 753    -0.251
 754    -0.245
 755    -0.240
 756    -0.236
 757    -0.233
 758    -0.231
 759    -0.229
 760    -0.228
 761    -0.228
 762    -0.228
 763    -0.229
 764    -0.230
 765    -0.232
 766    -0.234
 767    -0.237
 768    -0.239
 769    -0.243
 770    -0.246
 771    -0.249
 772    -0.251
 773    -0.253
 774    -0.254
 775    -0.253
 776    -0.251
 777    -0.247
 778    -0.242
 779    -0.235
 780    -0.228
 781    -0.220
 782    -0.213
 783    -0.206
 784    -0.200
 785    -0.195
 786    -0.193
 787    -0.192
 788    -0.194
 789    -0.198
 790    -0.204
 791    -0.212
 792    -0.221
 793    -0.230
 794    -0.240
 795    -0.248
 796    -0.256
 797    -0.262
 798    -0.266
 799    -0.268
 800    -0.268
 801    -0.267
 802    -0.265
 803    -0.262
 804    -0.258
 805    -0.255
 806    -0.252
 807    -0.249
 808    -0.246
 809    -0.243
 810    -0.240
 811    -0.237
 812    -0.234
 813    -0.231
 814    -0.227
 815    -0.222
 816    -0.217
 817    -0.212
 818    -0.206
 819    -0.200
 820    -0.194
 821    -0.188
 822    -0.184
 823    -0.180
 824    -0.176
 825    -0.174
 826    -0.172
 827    -0.170
 828    -0.169
 829    -0.167
 830    -0.165
 831    -0.164
 832    -0.162
 833    -0.160
 834    -0.157
 835    -0.155
 836    -0.152
 837    -0.150
 838    -0.147
 839    -0.144
 840    -0.140
 841    -0.136
 842    -0.133
 843    -0.129
 844    -0.126
 845    -0.123
 846    -0.120
 847    -0.118
 848    -0.116
 849    -0.115
 850    -0.113
 851    -0.113
 852    -0.112
 853    -0.112
 854    -0.113
 855    -0.115
 856    -0.118
 857    -0.122
 858    -0.126
 859    -0.132
 860    -0.138
 861    -0.145
 862    -0.152
 863    -0.158
 864    -0.163
 865    -0.167
 866    -0.170
 867    -0.172
 868    -0.172
 869    -0.170
 870    -0.168
 871    -0.165
 872    -0.162
 873    -0.159
 874    -0.157
 875    -0.156
 876    -0.155
 877    -0.156
 878    -0.158
 879    -0.160
 880    -0.163
 881    -0.166
 882    -0.169
 883    -0.170
 884    -0.171
 885    -0.170
 886    -0.167
 887    -0.162
 888    -0.157
 889    -0.151
 890    -0.145
 891    -0.140
 892    -0.138
 893    -0.137
 894    -0.141
 895    -0.147
 896    -0.158
 897    -0.171
 898    -0.187
 899    -0.205
 900    -0.224
 901    -0.243
 902    -0.260
 903    -0.276
 904    -0.289
 905    -0.300
 906    -0.308
 907    -0.314
 908    -0.317
 909    -0.317
 910    -0.316
 911    -0.314
 912    -0.310
 913    -0.306
 914    -0.302
 915    -0.298
 916    -0.295
 917    -0.292
 918    -0.290
 919    -0.288
 920    -0.286
 921    -0.284
 922    -0.282
 923    -0.279
 924    -0.275
 925    -0.271
 926    -0.265
 927    -0.258
 928    -0.251
 929    -0.242
 930    -0.233
 931    -0.224
 932    -0.215
 933    -0.207
 934    -0.199
 935    -0.192
 936    -0.187
 937    -0.184
 938    -0.182
 939    -0.183
 940    -0.185
 941    -0.189
 942    -0.194
 943    -0.199
 944    -0.204
 945    -0.209
 946    -0.213
 947    -0.216
 948    -0.218
 949    -0.219
 950    -0.220
 951    -0.219
 952    -0.217
 953    -0.215
 954    -0.212
 955    -0.208
 956    -0.203
 957    -0.197
 958    -0.191
 959    -0.184
 960    -0.176
 961    -0.168
 962    -0.161
 963    -0.154
 964    -0.149
 965    -0.144
 966    -0.142
 967    -0.141
 968    -0.142
 969    -0.145
 970    -0.148
 971    -0.152
 972    -0.156
 973    -0.160
 974    -0.163
 975    -0.166
 976    -0.168
 977    -0.169
 978    -0.169
 979    -0.168
 980    -0.167
 981    -0.165
 982    -0.162
 983    -0.159
 984    -0.157
 985    -0.155
 986    -0.154
 987    -0.154
 988    -0.157
 989    -0.161
 990    -0.166
 991    -0.174
 992    -0.183
 993    -0.192
 994    -0.202
 995    -0.213
 996    -0.222
 997    -0.231
 998    -0.239
 999    -0.246
1000    -0.251
1001    -0.254
1002    -0.256
1003    -0.257
1004    -0.257
1005    -0.255
1006    -0.252
1007    -0.249
1008    -0.245
1009    -0.240
1010    -0.235
1011    -0.230
1012    -0.224
1013    -0.217
1014    -0.211
1015    -0.204
1016    -0.197
1017    -0.190
1018    -0.184
1019    -0.178
1020    -0.173
1021    -0.169
1022    -0.166
1023    -0.163
1024    -0.161
1025    -0.160
1026    -0.159
1027    -0.159
1028    -0.160
1029    -0.161
1030    -0.162
1031    -0.164
1032    -0.166
1033    -0.168
1034    -0.170
1035    -0.172
1036    -0.174
1037    -0.176
1038    -0.178
1039    -0.180
1040    -0.183
1041    -0.186
1042    -0.189
1043    -0.192
1044    -0.196
1045    -0.199
1046    -0.202
1047    -0.204
1048    -0.206
1049    -0.206
1050    -0.206
1051    -0.205
1052    -0.203
1053    -0.201
1054    -0.198
1055    -0.195
1056    -0.192
1057    -0.189
1058    -0.185
1059    -0.183
1060    -0.180
1061    -0.179
1062    -0.179
1063    -0.180
1064    -0.182
1065    -0.185
1066    -0.188
1067    -0.191
1068    -0.193
1069    -0.195
1070    -0.196
1071    -0.196
1072    -0.195
1073    -0.193
1074    -0.190
1075    -0.186
1076    -0.182
1077    -0.177
1078    -0.171
1079    -0.166
1080    -0.160
1081    -0.154
1082    -0.148
1083    -0.143
1084    -0.139
1085    -0.135
1086    -0.133
1087    -0.131
1088    -0.131
1089    -0.132
1090    -0.134
1091    -0.137
1092    -0.141
1093    -0.145
1094    -0.150
1095    -0.155
1096    -0.160
1097    -0.163
1098    -0.166
1099    -0.167
1100    -0.168
1101    -0.167
1102    -0.166
1103    -0.164
1104    -0.163
1105    -0.162
1106    -0.162
1107    -0.162
1108    -0.164
1109    -0.166
1110    -0.168
1111    -0.171
1112    -0.174
1113    -0.178
1114    -0.182
1115    -0.187
1116    -0.192
1117    -0.197
1118    -0.203
1119    -0.209
1120    -0.215
1121    -0.220
1122    -0.225
1123    -0.230
1124    -0.234
1125    -0.237
1126    -0.240
1127    -0.242
1128    -0.245
1129    -0.247
1130    -0.250
1131    -0.253
1132    -0.256
1133    -0.259
1134    -0.262
1135    -0.265
1136    -0.267
1137    -0.270
1138    -0.272
1139    -0.274
1140    -0.276
1141    -0.278
1142    -0.280
1143    -0.282
1144    -0.285
1145    -0.287
1146    -0.290
1147    -0.292
1148    -0.294
1149    -0.295
1150    -0.294
1151    -0.292
1152    -0.289
1153    -0.284
1154    -0.277
1155    -0.270
1156    -0.263
1157    -0.254
1158    -0.247
1159    -0.239
1160    -0.232
1161    -0.226
1162    -0.221
1163    -0.217
1164    -0.214
1165    -0.211
1166    -0.209
1167    -0.208
1168    -0.206
1169    -0.205
1170    -0.204
1171    -0.203
1172    -0.202
1173    -0.201
1174    -0.200
1175    -0.199
1176    -0.197
1177    -0.196
1178    -0.195
1179    -0.195
1180    -0.195
1181    -0.196
1182    -0.197
1183    -0.200
1184    -0.202
1185    -0.206
1186    -0.209
1187    -0.213
1188    -0.217
1189    -0.220
1190    -0.224
1191    -0.227
1192    -0.230
1193    -0.233
1194    -0.236
1195    -0.238
1196    -0.240
1197    -0.242
1198    -0.244
1199    -0.245
1200    -0.247
1201    -0.249
1202    -0.250
1203    -0.252
1204    -0.254
1205    -0.255
1206    -0.257
1207    -0.258
1208    -0.260
1209    -0.262
1210    -0.264
1211    -0.267
1212    -0.269
1213    -0.272
1214    -0.274
1215    -0.275
1216    -0.276
1217    -0.275
1218    -0.273
1219    -0.270
1220    -0.266
1221    -0.261
1222    -0.255
1223    -0.250
1224    -0.245
1225    -0.241
1226    -0.239
1227    -0.237
1228    -0.236
1229    -0.236
1230    -0.237
1231    -0.237
1232    -0.238
1233    -0.238
1234    -0.238
1235    -0.238
1236    -0.238
1237    -0.237
1238    -0.237
1239    -0.237
1240    -0.238
1241    -0.239
1242    -0.241
1243    -0.243
1244    -0.245
1245    -0.247
1246    -0.249
1247    -0.251
1248    -0.253
1249    -0.256
1250    -0.258
1251    -0.260
1252    -0.263
1253    -0.265
1254    -0.267
1255    -0.269
1256    -0.271
1257    -0.272
1258    -0.274
1259    -0.274
1260    -0.275
1261    -0.276
1262    -0.278
1263    -0.279
1264    -0.281
1265    -0.283
1266    -0.286
1267    -0.289
1268    -0.292
1269    -0.296
1270    -0.300
1271    -0.304
1272    -0.308
1273    -0.313
1274    -0.318
1275    -0.322
1276    -0.326
1277    -0.330
1278    -0.334
1279    -0.337
1280    -0.339
1281    -0.341
1282    -0.343
1283    -0.344
1284    -0.344
1285    -0.344
1286    -0.344
1287    -0.343
1288    -0.342
1289    -0.341
1290    -0.339
1291    -0.338
1292    -0.336
1293    -0.333
1294    -0.331
1295    -0.327
1296    -0.323
1297    -0.318
1298    -0.313
1299    -0.306
1300    -0.300
1301    -0.293
1302    -0.286
1303    -0.280
1304    -0.274
1305    -0.268
1306    -0.263
1307    -0.259
1308    -0.255
1309    -0.251
1310    -0.249
1311    -0.246
1312    -0.245
1313    -0.243
1314    -0.242
1315    -0.241
1316    -0.239
1317    -0.237
1318    -0.234
1319    -0.231
1320    -0.227
1321    -0.223
1322    -0.219
1323    -0.215
1324    -0.212
1325    -0.210
1326    -0.209
1327    -0.210
1328    -0.213
1329    -0.218
1330    -0.225
1331    -0.233
1332    -0.243
1333    -0.254
1334    -0.265
1335    -0.277
1336    -0.288
1337    -0.298
1338    -0.308
1339    -0.317
1340    -0.324
1341    -0.330
1342    -0.336
1343    -0.340
1344    -0.344
1345    -0.346
1346    -0.347
1347    -0.348
1348    -0.346
1349    -0.344
1350    -0.340
1351    -0.336
1352    -0.330
1353    -0.325
1354    -0.319
1355    -0.314
1356    -0.309
1357    -0.304
1358    -0.300
1359    -0.296
1360    -0.292
1361    -0.288
1362    -0.283
1363    -0.278
1364    -0.273
1365    -0.267
1366    -0.262
1367    -0.258
1368    -0.254
1369    -0.252
1370    -0.251
1371    -0.252
1372    -0.253
1373    -0.256
1374    -0.258
1375    -0.261
1376    -0.263
1377    -0.264
1378    -0.264
1379    -0.262
1380    -0.258
1381    -0.254
1382    -0.248
1383    -0.241
1384    -0.234
1385    -0.228
1386    -0.222
1387    -0.218
1388    -0.214
1389    -0.213
1390    -0.212
1391    -0.213
1392    -0.215
1393    -0.218
1394    -0.221
1395    -0.225
1396    -0.228
1397    -0.230
1398    -0.231
1399    -0.231
1400    -0.229
1401    -0.227
1402    -0.222
1403    -0.217
1404    -0.212
1405    -0.207
1406    -0.202
1407    -0.199
1408    -0.196
1409    -0.195
1410    -0.196
1411    -0.197
1412    -0.200
1413    -0.203
1414    -0.206
1415    -0.209
1416    -0.211
1417    -0.213
1418    -0.214
1419    -0.215
1420    -0.215
1421    -0.215
1422    -0.215
1423    -0.214
1424    -0.215
1425    -0.215
1426    -0.217
1427    -0.219
1428    -0.223
1429    -0.227
1430    -0.233
1431    -0.240
1432    -0.248
1433    -0.256
1434    -0.265
1435    -0.275
1436    -0.284
1437    -0.293
1438    -0.302
1439    -0.310
1440    -0.318
1441    -0.326
1442    -0.332
1443    -0.339
1444    -0.345
1445    -0.351
1446    -0.356
1447    -0.361
1448    -0.366
1449    -0.371
1450    -0.375
1451    -0.380
1452    -0.385
1453    -0.389
1454    -0.394
1455    -0.399
1456    -0.403
1457    -0.407
1458    -0.411
1459    -0.414
1460    -0.416
1461    -0.416
1462    -0.416
1463    -0.414
1464    -0.412
1465    -0.409
1466    -0.406
1467    -0.402
1468    -0.399
1469    -0.395
1470    -0.393
1471    -0.390
1472    -0.388
1473    -0.386
1474    -0.384
1475    -0.382
1476    -0.380
1477    -0.378
1478    -0.375
1479    -0.372
1480    -0.369
1481    -0.365
1482    -0.361
1483    -0.357
1484    -0.353
1485    -0.349
1486    -0.346
1487    -0.343
1488    -0.342
1489    -0.342
1490    -0.342
1491    -0.344
1492    -0.345
1493    -0.347
1494    -0.349
1495    -0.350
1496    -0.351
1497    -0.352
1498    -0.352
1499    -0.351
1500    -0.350
1501    -0.349
1502    -0.349
1503    -0.348
1504    -0.347
1505    -0.347
1506    -0.346
1507    -0.346
1508    -0.346
1509    -0.346
1510    -0.347
1511    -0.347
1512    -0.349
1513    -0.350
1514    -0.352
1515    -0.355
1516    -0.358
1517    -0.361
1518    -0.364
1519    -0.367
1520    -0.369
1521    -0.371
1522    -0.371
1523    -0.371
1524    -0.369
1525    -0.367
1526    -0.363
1527    -0.358
1528    -0.353
1529    -0.347
1530    -0.340
1531    -0.334
1532    -0.327
1533    -0.321
1534    -0.316
1535    -0.312
1536    -0.310
1537    -0.309
1538    -0.310
1539    -0.312
1540    -0.315
1541    -0.319
1542    -0.322
1543    -0.325
1544    -0.327
1545    -0.327
1546    -0.325
1547    -0.322
1548    -0.318
1549    -0.312
1550    -0.306
1551    -0.300
1552    -0.294
1553    -0.289
1554    -0.284
1555    -0.281
1556    -0.278
1557    -0.276
1558    -0.274
1559    -0.272
1560    -0.271
1561    -0.269
1562    -0.268
1563    -0.267
1564    -0.267
1565    -0.268
1566    -0.269
1567    -0.272
1568    -0.277
1569    -0.282
1570    -0.289
1571    -0.298
1572    -0.307
1573    -0.318
1574    -0.328
1575    -0.339
1576    -0.349
1577    -0.359
1578    -0.367
1579    -0.374
1580    -0.380
1581    -0.385
1582    -0.388
1583    -0.391
1584    -0.393
1585    -0.394
1586    -0.396
1587    -0.396
1588    -0.397
1589    -0.397
1590    -0.396
1591    -0.395
1592    -0.394
1593    -0.393
1594    -0.392
1595    -0.391
1596    -0.390
1597    -0.390
1598    -0.390
1599    -0.391
1600    -0.392
1601    -0.392
1602    -0.393
1603    -0.393
1604    -0.393
1605    -0.392
1606    -0.391
1607    -0.390
1608    -0.388
1609    -0.387
1610    -0.386
1611    -0.385
1612    -0.385
1613    -0.385
1614    -0.385
1615    -0.385
1616    -0.386
1617    -0.386
1618    -0.387
1619    -0.388
1620    -0.388
1621    -0.387
1622    -0.386
1623    -0.385
1624    -0.383
1625    -0.380
1626    -0.378
1627    -0.375
1628    -0.373
1629    -0.371
1630    -0.370
1631    -0.369
1632    -0.370
1633    -0.371
1634    -0.374
1635    -0.378
1636    -0.383
1637    -0.389
1638    -0.395
1639    -0.402
1640    -0.410
1641    -0.416
1642    -0.422
1643    -0.426
1644    -0.429
1645    -0.430
1646    -0.429
1647    -0.427
1648    -0.423
1649    -0.419
1650    -0.415
1651    -0.409
1652    -0.404
1653    -0.399
1654    -0.393
1655    -0.388
1656    -0.382
1657    -0.377
1658    -0.372
1659    -0.368
1660    -0.365
1661    -0.363
1662    -0.362
1663    -0.362
1664    -0.364
1665    -0.367
1666    -0.370
1667    -0.375
1668    -0.380
1669    -0.385
1670    -0.390
1671    -0.396
1672    -0.400
1673    -0.405
1674    -0.408
1675    -0.410
1676    -0.412
1677    -0.412
1678    -0.411
1679    -0.408
1680    -0.405
1681    -0.401
1682    -0.396
1683    -0.390
1684    -0.385
1685    -0.379
1686    -0.374
1687    -0.369
1688    -0.364
1689    -0.361
1690    -0.358
1691    -0.356
1692    -0.355
1693    -0.355
1694    -0.355
1695    -0.357
1696    -0.360
1697    -0.363
1698    -0.366
1699    -0.370
1700    -0.373
1701    -0.377
1702    -0.379
1703    -0.382
1704    -0.383
1705    -0.383
1706    -0.381
1707    -0.379
1708    -0.375
1709    -0.370
1710    -0.364
1711    -0.357
1712    -0.350
1713    -0.341
1714    -0.333
1715    -0.324
1716    -0.314
1717    -0.305
1718    -0.296
1719    -0.287
1720    -0.278
1721    -0.270
1722    -0.263
1723    -0.258
1724    -0.254
1725    -0.251
1726    -0.250
1727    -0.251
1728    -0.253
1729    -0.255
1730    -0.259
1731    -0.262
1732    -0.266
1733    -0.268
1734    -0.270
1735    -0.271
1736    -0.271
1737    -0.269
1738    -0.268
1739    -0.266
1740    -0.263
1741    -0.261
1742    -0.259
1743    -0.257
1744    -0.256
1745    -0.256
1746    -0.256
1747    -0.256
1748    -0.257
1749    -0.257
1750    -0.258
1751    -0.258
1752    -0.258
1753    -0.258
1754    -0.256
1755    -0.254
1756    -0.252
1757    -0.249
1758    -0.246
1759    -0.242
1760    -0.239
1761    -0.236
1762    -0.234
1763    -0.233
1764    -0.232
1765    -0.233
1766    -0.234
1767    -0.235
1768    -0.237
1769    -0.239
1770    -0.241
1771    -0.242
1772    -0.243
1773    -0.244
1774    -0.244
1775    -0.243
1776    -0.242
1777    -0.241
1778    -0.240
1779    -0.238
1780    -0.237
1781    -0.236
1782    -0.235
1783    -0.234
1784    -0.233
1785    -0.232
1786    -0.232
1787    -0.231
1788    -0.231
1789    -0.232
1790    -0.233
1791    -0.233
1792    -0.234
1793    -0.235
1794    -0.236
1795    -0.238
1796    -0.239
1797    -0.241
1798    -0.243
1799    -0.245
1800    -0.248
1801    -0.252
1802    -0.257
1803    -0.262
1804    -0.269
1805    -0.277
1806    -0.287
1807    -0.297
1808    -0.308
1809    -0.320
1810    -0.332
1811    -0.344
1812    -0.355
1813    -0.364
1814    -0.373
1815    -0.379
1816    -0.384
1817    -0.387
1818    -0.389
1819    -0.389
1820    -0.387
1821    -0.384
1822    -0.380
1823    -0.375
1824    -0.370
1825    -0.365
1826    -0.360
1827    -0.356
1828    -0.353
1829    -0.352
1830    -0.352
1831    -0.354
1832    -0.357
1833    -0.362
1834    -0.367
1835    -0.373
1836    -0.378
1837    -0.383
1838    -0.388
1839    -0.391
1840    -0.393
1841    -0.393
1842    -0.392
1843    -0.389
1844    -0.384
1845    -0.378
1846    -0.371
1847    -0.364
1848    -0.356
1849    -0.348
1850    -0.341
1851    -0.335
1852    -0.331
1853    -0.327
1854    -0.325
1855    -0.323
1856    -0.323
1857    -0.323
1858    -0.323
1859    -0.322
1860    -0.322
1861    -0.321
1862    -0.319
1863    -0.317
1864    -0.314
1865    -0.311
1866    -0.307
1867    -0.302
1868    -0.297
1869    -0.292
1870    -0.287
1871    -0.282
1872    -0.277
1873    -0.273
1874    -0.271
1875    -0.270
1876    -0.270
1877    -0.272
1878    -0.275
1879    -0.279
1880    -0.283
1881    -0.287
1882    -0.291
1883    -0.294
1884    -0.296
1885    -0.296
1886    -0.295
1887    -0.293
1888    -0.290
1889    -0.286
1890    -0.281
1891    -0.275
1892    -0.269
1893    -0.263
1894    -0.257
1895    -0.252
1896    -0.246
1897    -0.242
1898    -0.238
1899    -0.235
1900    -0.233
1901    -0.232
1902    -0.232
1903    -0.232
1904    -0.233
1905    -0.234
1906    -0.236
1907    -0.238
1908    -0.240
1909    -0.242
1910    -0.245
1911    -0.248
1912    -0.250
1913    -0.251
1914    -0.251
1915    -0.250
1916    -0.248
1917    -0.244
1918    -0.240
1919    -0.234
1920    -0.228
1921    -0.221
1922    -0.215
1923    -0.208
1924    -0.202
1925    -0.196
1926    -0.190
1927    -0.184
1928    -0.178
1929    -0.171
1930    -0.164
1931    -0.155
1932    -0.146
1933    -0.136
1934    -0.126
1935    -0.116
1936    -0.106
1937    -0.097
1938    -0.090
1939    -0.084
1940    -0.080
1941    -0.078
1942    -0.078
1943    -0.079
1944    -0.081
1945    -0.084
1946    -0.086
1947    -0.087
1948    -0.088
1949    -0.087
1950    -0.086
1951    -0.083
1952    -0.079
1953    -0.075
1954    -0.070
1955    -0.066
1956    -0.062
1957    -0.058
1958    -0.054
1959    -0.051
1960    -0.048
1961    -0.045
1962    -0.042
1963    -0.040
1964    -0.037
1965    -0.034
1966    -0.032
1967    -0.030
1968    -0.028
1969    -0.026
1970    -0.025
1971    -0.023
1972    -0.021
1973    -0.018
1974    -0.016
1975    -0.013
1976    -0.009
1977    -0.006
1978    -0.004
1979    -0.001
1980     0.000
