1600    -0.459
1601    -0.459
1602    -0.459
1603    -0.458
1604    -0.457
1605    -0.456
1606    -0.454
1607    -0.453
1608    -0.451
1609    -0.448
1610    -0.446
1611    -0.443
1612    -0.439
1613    -0.436
1614    -0.433
1615    -0.431
1616    -0.429
1617    -0.427
1618    -0.426
1619    -0.426
1620    -0.426
1621    -0.427
1622    -0.428
1623    -0.429
1624    -0.431
1625    -0.432
1626    -0.434
1627    -0.436
1628    -0.437
1629    -0.439
1630    -0.440
1631    -0.441
1632    -0.442
1633    -0.442
1634    -0.443
1635    -0.443
1636    -0.442
1637    -0.441
1638    -0.440
1639    -0.438
1640    -0.436
1641    -0.434
1642    -0.432
1643    -0.430
1644    -0.427
1645    -0.425
1646    -0.422
1647    -0.420
1648    -0.418
1649    -0.415
1650    -0.413
1651    -0.412
1652    -0.410
1653    -0.410
1654    -0.409
1655    -0.409
1656    -0.410
1657    -0.411
1658    -0.412
1659    -0.414
1660    -0.415
1661    -0.417
1662    -0.418
1663    -0.418
1664    -0.418
1665    -0.418
1666    -0.418
1667    -0.417
1668    -0.416
1669    -0.415
1670    -0.414
1671    -0.413
1672    -0.412
1673    -0.412
1674    -0.412
1675    -0.412
1676    -0.412
1677    -0.412
1678    -0.412
1679    -0.412
1680    -0.412
1681    -0.412
1682    -0.413
1683    -0.414
1684    -0.415
1685    -0.416
1686    -0.417
1687    -0.418
1688    -0.419
1689    -0.421
1690    -0.422
1691    -0.423
1692    -0.425
1693    -0.427
1694    -0.429
1695    -0.431
1696    -0.434
1697    -0.436
1698    -0.439
1699    -0.442
1700    -0.445
1701    -0.448
1702    -0.451
1703    -0.453
1704    -0.456
1705    -0.458
1706    -0.460
1707    -0.462
1708    -0.465
1709    -0.467
1710    -0.470
1711    -0.472
1712    -0.474
1713    -0.476
1714    -0.476
1715    -0.477
1716    -0.476
1717    -0.475
1718    -0.473
1719    -0.471
1720    -0.469
1721    -0.468
1722    -0.466
1723    -0.464
1724    -0.463
1725    -0.462
1726    -0.461
1727    -0.461
1728    -0.460
1729    -0.459
1730    -0.458
1731    -0.457
1732    -0.455
1733    -0.453
1734    -0.452
1735    -0.449
1736    -0.447
1737    -0.445
1738    -0.442
1739    -0.439
1740    -0.437
1741    -0.435
1742    -0.432
1743    -0.430
1744    -0.428
1745    -0.427
1746    -0.425
1747    -0.424
1748    -0.422
1749    -0.421
1750    -0.420
1751    -0.419
1752    -0.419
1753    -0.419
1754    -0.418
1755    -0.418
1756    -0.418
1757    -0.418
1758    -0.418
1759    -0.418
1760    -0.419
1761    -0.419
1762    -0.420
1763    -0.420
1764    -0.421
1765    -0.423
1766    -0.424
1767    -0.426
1768    -0.428
1769    -0.430
1770    -0.433
1771    -0.436
1772    -0.439
1773    -0.441
1774    -0.443
1775    -0.445
1776    -0.446
1777    -0.447
1778    -0.447
1779    -0.447
1780    -0.447
1781    -0.447
1782    -0.447
1783    -0.447
1784    -0.447
1785    -0.448
1786    -0.448
1787    -0.449
1788    -0.450
1789    -0.451
1790    -0.452
1791    -0.454
1792    -0.456
1793    -0.458
1794    -0.461
1795    -0.463
1796    -0.465
1797    -0.468
1798    -0.469
1799    -0.471
1800    -0.473
1801    -0.474
1802    -0.476
1803    -0.477
1804    -0.479
1805    -0.481
1806    -0.483
1807    -0.485
1808    -0.487
1809    -0.489
1810    -0.491
1811    -0.493
1812    -0.495
1813    -0.496
1814    -0.498
1815    -0.498
1816    -0.499
1817    -0.499
1818    -0.498
1819    -0.498
1820    -0.497
1821    -0.496
1822    -0.495
1823    -0.493
1824    -0.493
1825    -0.492
1826    -0.492
1827    -0.492
1828    -0.492
1829    -0.493
1830    -0.494
1831    -0.496
1832    -0.497
1833    -0.497
1834    -0.498
1835    -0.497
1836    -0.497
1837    -0.496
1838    -0.495
1839    -0.495
1840    -0.494
1841    -0.495
1842    -0.496
1843    -0.498
1844    -0.501
1845    -0.504
1846    -0.507
1847    -0.511
1848    -0.516
1849    -0.520
1850    -0.524
1851    -0.529
1852    -0.533
1853    -0.536
1854    -0.539
1855    -0.541
1856    -0.542
1857    -0.541
1858    -0.539
1859    -0.537
1860    -0.533
1861    -0.528
1862    -0.523
1863    -0.518
1864    -0.512
1865    -0.506
1866    -0.501
1867    -0.495
1868    -0.489
1869    -0.483
1870    -0.477
1871    -0.470
1872    -0.464
1873    -0.457
1874    -0.450
1875    -0.443
1876    -0.436
1877    -0.430
1878    -0.425
1879    -0.420
1880    -0.415
1881    -0.411
1882    -0.406
1883    -0.403
1884    -0.399
1885    -0.396
1886    -0.394
1887    -0.393
1888    -0.392
1889    -0.393
1890    -0.394
1891    -0.396
1892    -0.399
1893    -0.403
1894    -0.407
1895    -0.412
1896    -0.416
1897    -0.420
1898    -0.423
1899    -0.425
1900    -0.427
1901    -0.427
1902    -0.427
1903    -0.426
1904    -0.425
1905    -0.421
1906    -0.417
1907    -0.412
1908    -0.405
1909    -0.397
1910    -0.388
1911    -0.378
1912    -0.366
1913    -0.354
1914    -0.340
1915    -0.325
1916    -0.309
1917    -0.291
1918    -0.273
1919    -0.254
1920    -0.235
1921    -0.215
1922    -0.196
1923    -0.177
1924    -0.158
1925    -0.140
1926    -0.123
1927    -0.105
1928    -0.088
1929    -0.070
1930    -0.052
1931    -0.033
1932    -0.013
1933     0.008
1934     0.030
1935     0.051
1936     0.071
1937     0.088
1938     0.101
1939     0.110
1940     0.115
1941     0.117
1942     0.115
1943     0.112
1944     0.107
1945     0.101
1946     0.094
1947     0.087
1948     0.080
1949     0.072
1950     0.065
1951     0.058
1952     0.051
1953     0.045
1954     0.039
1955     0.033
1956     0.028
1957     0.023
1958     0.018
1959     0.013
1960     0.008
1961     0.002
1962    -0.003
1963    -0.009
1964    -0.015
1965    -0.019
1966    -0.024
1967    -0.027
1968    -0.028
1969    -0.029
1970    -0.028
1971    -0.026
1972    -0.023
1973    -0.019
1974    -0.014
1975    -0.009
1976    -0.002
1977     0.005
1978     0.013
1979     0.021
1980     0.031
1981     0.042
1982     0.055
1983     0.069
1984     0.084
1985     0.102
1986     0.120
1987     0.137
1988     0.152
1989     0.161
1990     0.165
