1850 -0.402 -0.363 -0.441 -0.236 -0.568 -0.356 -0.443 -0.232 -0.573 -0.225 -0.578
1851 -0.315 -0.276 -0.355 -0.163 -0.468 -0.265 -0.361 -0.158 -0.473 -0.150 -0.479
1852 -0.345 -0.305 -0.384 -0.191 -0.498 -0.295 -0.388 -0.186 -0.503 -0.179 -0.509
1853 -0.368 -0.332 -0.404 -0.208 -0.528 -0.318 -0.412 -0.204 -0.532 -0.197 -0.537
1854 -0.321 -0.290 -0.352 -0.176 -0.465 -0.271 -0.365 -0.173 -0.468 -0.165 -0.475
1855 -0.291 -0.262 -0.320 -0.146 -0.436 -0.241 -0.336 -0.143 -0.439 -0.135 -0.446
1856 -0.438 -0.412 -0.464 -0.298 -0.579 -0.387 -0.484 -0.295 -0.581 -0.286 -0.588
1857 -0.491 -0.462 -0.520 -0.359 -0.623 -0.439 -0.537 -0.356 -0.626 -0.347 -0.634
1858 -0.529 -0.500 -0.558 -0.400 -0.658 -0.476 -0.576 -0.397 -0.662 -0.386 -0.670
1859 -0.424 -0.392 -0.457 -0.297 -0.552 -0.366 -0.475 -0.293 -0.556 -0.281 -0.565
1860 -0.378 -0.346 -0.410 -0.249 -0.507 -0.320 -0.428 -0.245 -0.511 -0.233 -0.521
1861 -0.568 -0.532 -0.603 -0.422 -0.713 -0.501 -0.625 -0.418 -0.717 -0.404 -0.728
1862 -0.616 -0.578 -0.654 -0.461 -0.772 -0.548 -0.674 -0.456 -0.776 -0.442 -0.787
1863 -0.386 -0.350 -0.423 -0.230 -0.542 -0.315 -0.446 -0.226 -0.547 -0.211 -0.557
1864 -0.434 -0.400 -0.469 -0.289 -0.580 -0.370 -0.490 -0.285 -0.584 -0.271 -0.594
1865 -0.295 -0.257 -0.332 -0.131 -0.458 -0.219 -0.358 -0.127 -0.462 -0.111 -0.474
1866 -0.287 -0.246 -0.328 -0.140 -0.433 -0.205 -0.356 -0.134 -0.439 -0.114 -0.454
1867 -0.336 -0.297 -0.375 -0.187 -0.485 -0.254 -0.405 -0.182 -0.490 -0.161 -0.505
1868 -0.160 -0.121 -0.199 -0.015 -0.304 -0.079 -0.228 -0.010 -0.310  0.010 -0.324
1869 -0.264 -0.229 -0.300 -0.127 -0.401 -0.198 -0.322 -0.122 -0.406 -0.108 -0.417
1870 -0.257 -0.226 -0.289 -0.136 -0.379 -0.193 -0.315 -0.132 -0.383 -0.117 -0.395
1871 -0.265 -0.232 -0.299 -0.137 -0.394 -0.198 -0.325 -0.133 -0.398 -0.116 -0.411
1872 -0.262 -0.229 -0.294 -0.140 -0.383 -0.194 -0.322 -0.136 -0.387 -0.119 -0.401
1873 -0.296 -0.263 -0.329 -0.175 -0.417 -0.227 -0.357 -0.171 -0.421 -0.153 -0.436
1874 -0.412 -0.381 -0.444 -0.297 -0.528 -0.343 -0.474 -0.292 -0.532 -0.274 -0.547
1875 -0.328 -0.299 -0.356 -0.212 -0.443 -0.258 -0.389 -0.209 -0.446 -0.190 -0.462
1876 -0.330 -0.301 -0.358 -0.211 -0.448 -0.258 -0.393 -0.207 -0.452 -0.188 -0.467
1877  0.015  0.044 -0.014  0.133 -0.103  0.090 -0.051  0.137 -0.106  0.158 -0.123
1878  0.031  0.058  0.004  0.150 -0.088  0.102 -0.032  0.153 -0.091  0.172 -0.106
1879 -0.222 -0.194 -0.249 -0.104 -0.339 -0.151 -0.284 -0.101 -0.342 -0.082 -0.357
1880 -0.210 -0.185 -0.235 -0.087 -0.333 -0.137 -0.276 -0.084 -0.336 -0.065 -0.352
1881 -0.229 -0.205 -0.253 -0.106 -0.352 -0.156 -0.294 -0.104 -0.354 -0.084 -0.370
1882 -0.211 -0.187 -0.236 -0.093 -0.330 -0.137 -0.277 -0.090 -0.332 -0.069 -0.349
1883 -0.242 -0.219 -0.265 -0.132 -0.351 -0.167 -0.310 -0.130 -0.354 -0.107 -0.373
1884 -0.325 -0.303 -0.347 -0.213 -0.438 -0.251 -0.393 -0.210 -0.440 -0.188 -0.459
1885 -0.340 -0.316 -0.364 -0.227 -0.454 -0.264 -0.409 -0.224 -0.456 -0.202 -0.475
1886 -0.261 -0.237 -0.285 -0.149 -0.374 -0.185 -0.329 -0.146 -0.376 -0.123 -0.395
1887 -0.330 -0.305 -0.355 -0.222 -0.438 -0.253 -0.400 -0.220 -0.441 -0.195 -0.461
1888 -0.249 -0.228 -0.271 -0.139 -0.359 -0.172 -0.318 -0.137 -0.361 -0.113 -0.380
1889 -0.150 -0.125 -0.175 -0.037 -0.263 -0.068 -0.223 -0.035 -0.265 -0.009 -0.286
1890 -0.378 -0.354 -0.402 -0.269 -0.487 -0.293 -0.454 -0.267 -0.490 -0.238 -0.513
1891 -0.332 -0.307 -0.356 -0.221 -0.442 -0.240 -0.411 -0.218 -0.445 -0.186 -0.470
1892 -0.381 -0.357 -0.406 -0.273 -0.490 -0.292 -0.459 -0.271 -0.492 -0.239 -0.517
1893 -0.453 -0.429 -0.478 -0.345 -0.561 -0.363 -0.532 -0.343 -0.564 -0.310 -0.589
1894 -0.391 -0.368 -0.414 -0.282 -0.500 -0.300 -0.470 -0.280 -0.503 -0.247 -0.528
1895 -0.313 -0.289 -0.337 -0.206 -0.421 -0.218 -0.396 -0.203 -0.424 -0.168 -0.451
1896 -0.150 -0.127 -0.172 -0.040 -0.259 -0.057 -0.230 -0.038 -0.261 -0.005 -0.287
1897 -0.185 -0.162 -0.209 -0.072 -0.299 -0.092 -0.266 -0.070 -0.301 -0.037 -0.326
1898 -0.386 -0.364 -0.409 -0.274 -0.498 -0.294 -0.467 -0.272 -0.500 -0.240 -0.526
1899 -0.235 -0.213 -0.257 -0.129 -0.341 -0.142 -0.316 -0.127 -0.343 -0.092 -0.370
1900 -0.142 -0.118 -0.166 -0.035 -0.249 -0.046 -0.225 -0.032 -0.252  0.003 -0.280
1901 -0.257 -0.234 -0.281 -0.147 -0.367 -0.161 -0.341 -0.145 -0.370 -0.109 -0.398
1902 -0.384 -0.364 -0.404 -0.275 -0.494 -0.293 -0.464 -0.273 -0.496 -0.240 -0.521
1903 -0.477 -0.455 -0.499 -0.364 -0.591 -0.386 -0.557 -0.362 -0.593 -0.330 -0.617
1904 -0.501 -0.481 -0.522 -0.388 -0.614 -0.410 -0.580 -0.386 -0.616 -0.354 -0.640
1905 -0.321 -0.300 -0.341 -0.212 -0.430 -0.232 -0.399 -0.210 -0.431 -0.179 -0.456
1906 -0.281 -0.262 -0.301 -0.167 -0.396 -0.194 -0.358 -0.166 -0.397 -0.136 -0.421
1907 -0.446 -0.426 -0.466 -0.337 -0.555 -0.358 -0.523 -0.335 -0.557 -0.305 -0.581
1908 -0.529 -0.510 -0.548 -0.420 -0.638 -0.443 -0.605 -0.418 -0.640 -0.389 -0.663
1909 -0.564 -0.546 -0.581 -0.454 -0.673 -0.476 -0.640 -0.453 -0.675 -0.422 -0.698
1910 -0.559 -0.543 -0.576 -0.451 -0.667 -0.472 -0.637 -0.450 -0.669 -0.420 -0.693
1911 -0.566 -0.550 -0.582 -0.459 -0.673 -0.478 -0.643 -0.458 -0.674 -0.426 -0.699
1912 -0.476 -0.460 -0.493 -0.370 -0.582 -0.386 -0.555 -0.369 -0.583 -0.336 -0.609
1913 -0.463 -0.445 -0.481 -0.354 -0.572 -0.376 -0.539 -0.353 -0.573 -0.323 -0.597
1914 -0.322 -0.303 -0.340 -0.215 -0.428 -0.230 -0.402 -0.213 -0.430 -0.180 -0.457
1915 -0.225 -0.201 -0.249 -0.112 -0.338 -0.131 -0.307 -0.110 -0.340 -0.077 -0.366
1916 -0.461 -0.437 -0.485 -0.350 -0.571 -0.365 -0.545 -0.348 -0.574 -0.313 -0.602
1917 -0.538 -0.517 -0.560 -0.429 -0.648 -0.438 -0.626 -0.427 -0.650 -0.389 -0.680
1918 -0.354 -0.329 -0.380 -0.239 -0.470 -0.251 -0.446 -0.236 -0.472 -0.198 -0.504
1919 -0.387 -0.361 -0.413 -0.272 -0.503 -0.286 -0.475 -0.269 -0.506 -0.231 -0.535
1920 -0.323 -0.299 -0.347 -0.205 -0.441 -0.226 -0.409 -0.202 -0.443 -0.168 -0.471
1921 -0.287 -0.266 -0.307 -0.179 -0.394 -0.191 -0.372 -0.177 -0.396 -0.142 -0.425
1922 -0.374 -0.355 -0.393 -0.268 -0.480 -0.283 -0.457 -0.267 -0.481 -0.233 -0.509
1923 -0.335 -0.317 -0.353 -0.232 -0.437 -0.241 -0.419 -0.231 -0.439 -0.195 -0.469
1924 -0.364 -0.346 -0.382 -0.259 -0.470 -0.271 -0.451 -0.257 -0.472 -0.222 -0.502
1925 -0.279 -0.260 -0.297 -0.175 -0.383 -0.184 -0.364 -0.173 -0.384 -0.137 -0.414
1926 -0.184 -0.166 -0.202 -0.080 -0.288 -0.090 -0.271 -0.078 -0.290 -0.043 -0.321
1927 -0.253 -0.236 -0.271 -0.152 -0.355 -0.161 -0.339 -0.151 -0.356 -0.115 -0.387
1928 -0.240 -0.223 -0.258 -0.141 -0.340 -0.146 -0.327 -0.140 -0.341 -0.102 -0.373
1929 -0.372 -0.354 -0.389 -0.271 -0.472 -0.278 -0.458 -0.270 -0.473 -0.233 -0.505
1930 -0.173 -0.156 -0.191 -0.074 -0.272 -0.081 -0.258 -0.072 -0.274 -0.036 -0.305
1931 -0.141 -0.123 -0.160 -0.044 -0.239 -0.048 -0.227 -0.042 -0.241 -0.005 -0.273
1932 -0.177 -0.159 -0.195 -0.082 -0.272 -0.085 -0.261 -0.081 -0.274 -0.044 -0.305
1933 -0.349 -0.332 -0.366 -0.253 -0.445 -0.256 -0.434 -0.252 -0.446 -0.214 -0.478
1934 -0.199 -0.183 -0.215 -0.102 -0.296 -0.108 -0.284 -0.101 -0.297 -0.065 -0.329
1935 -0.203 -0.187 -0.218 -0.108 -0.298 -0.110 -0.288 -0.106 -0.299 -0.069 -0.331
1936 -0.161 -0.145 -0.176 -0.069 -0.253 -0.070 -0.245 -0.067 -0.254 -0.030 -0.286
1937 -0.046 -0.030 -0.061  0.043 -0.134  0.046 -0.131  0.045 -0.136  0.083 -0.170
1938 -0.028 -0.011 -0.045  0.066 -0.122  0.062 -0.112  0.067 -0.124  0.103 -0.155
1939  0.008  0.026 -0.010  0.100 -0.084  0.101 -0.080  0.102 -0.086  0.140 -0.121
1940  0.013  0.036 -0.009  0.118 -0.091  0.072 -0.038  0.120 -0.094  0.135 -0.105
1941  0.066  0.087  0.045  0.165 -0.034  0.117  0.024  0.168 -0.036  0.180 -0.044
1942 -0.055 -0.030 -0.081  0.047 -0.158 -0.034 -0.067  0.050 -0.161  0.052 -0.162
1943 -0.038 -0.010 -0.067  0.068 -0.145 -0.017 -0.049  0.072 -0.149  0.074 -0.149
1944  0.087  0.111  0.062  0.191 -0.018  0.107  0.077  0.194 -0.021  0.196 -0.021
1945 -0.030 -0.004 -0.057  0.084 -0.145 -0.010 -0.040  0.087 -0.148  0.089 -0.149
1946 -0.221 -0.200 -0.241 -0.126 -0.315 -0.206 -0.226 -0.124 -0.317 -0.123 -0.317
1947 -0.202 -0.183 -0.221 -0.110 -0.295 -0.191 -0.206 -0.108 -0.297 -0.107 -0.297
1948 -0.245 -0.226 -0.263 -0.156 -0.334 -0.234 -0.248 -0.154 -0.336 -0.153 -0.336
1949 -0.230 -0.213 -0.248 -0.142 -0.319 -0.222 -0.232 -0.141 -0.320 -0.140 -0.320
1950 -0.339 -0.322 -0.357 -0.251 -0.428 -0.333 -0.339 -0.249 -0.430 -0.249 -0.430
1951 -0.172 -0.156 -0.189 -0.081 -0.264 -0.165 -0.172 -0.080 -0.265 -0.079 -0.265
1952 -0.088 -0.072 -0.103  0.002 -0.178 -0.081 -0.088  0.004 -0.179  0.004 -0.179
1953 -0.055 -0.038 -0.071  0.037 -0.146 -0.048 -0.055  0.038 -0.148  0.039 -0.148
1954 -0.230 -0.214 -0.246 -0.141 -0.319 -0.224 -0.230 -0.139 -0.321 -0.139 -0.321
1955 -0.291 -0.275 -0.306 -0.201 -0.380 -0.285 -0.291 -0.200 -0.381 -0.200 -0.381
1956 -0.326 -0.311 -0.340 -0.240 -0.411 -0.320 -0.326 -0.239 -0.412 -0.239 -0.412
1957 -0.089 -0.075 -0.104 -0.005 -0.174 -0.084 -0.089 -0.003 -0.175 -0.003 -0.175
1958 -0.023 -0.009 -0.038  0.061 -0.108 -0.019 -0.023  0.062 -0.109  0.062 -0.109
1959 -0.114 -0.100 -0.128 -0.031 -0.198 -0.110 -0.114 -0.029 -0.199 -0.029 -0.199
1960 -0.137 -0.123 -0.151 -0.055 -0.220 -0.133 -0.137 -0.054 -0.221 -0.054 -0.221
1961 -0.044 -0.030 -0.057  0.041 -0.129 -0.040 -0.044  0.042 -0.130  0.043 -0.130
1962 -0.033 -0.018 -0.047  0.054 -0.120 -0.029 -0.033  0.056 -0.121  0.056 -0.121
1963 -0.047 -0.033 -0.061  0.040 -0.134 -0.044 -0.047  0.042 -0.135  0.042 -0.135
1964 -0.315 -0.303 -0.328 -0.231 -0.400 -0.313 -0.315 -0.230 -0.401 -0.230 -0.401
1965 -0.219 -0.207 -0.231 -0.133 -0.305 -0.217 -0.219 -0.132 -0.306 -0.132 -0.306
1966 -0.157 -0.145 -0.169 -0.071 -0.243 -0.155 -0.157 -0.070 -0.243 -0.070 -0.243
1967 -0.151 -0.138 -0.163 -0.066 -0.235 -0.149 -0.151 -0.066 -0.236 -0.065 -0.236
1968 -0.129 -0.117 -0.141 -0.045 -0.214 -0.128 -0.129 -0.044 -0.215 -0.044 -0.215
1969 -0.004  0.008 -0.017  0.082 -0.090 -0.003 -0.004  0.083 -0.091  0.083 -0.091
1970 -0.072 -0.060 -0.083  0.014 -0.157 -0.070 -0.072  0.014 -0.158  0.014 -0.158
1971 -0.178 -0.165 -0.190 -0.094 -0.261 -0.177 -0.178 -0.093 -0.262 -0.093 -0.262
1972 -0.054 -0.042 -0.067  0.029 -0.138 -0.054 -0.054  0.030 -0.138  0.030 -0.138
1973  0.060  0.073  0.048  0.143 -0.023  0.061  0.060  0.144 -0.024  0.144 -0.024
1974 -0.226 -0.214 -0.239 -0.143 -0.310 -0.226 -0.226 -0.142 -0.311 -0.142 -0.311
1975 -0.134 -0.122 -0.147 -0.052 -0.217 -0.134 -0.134 -0.051 -0.217 -0.051 -0.217
1976 -0.229 -0.215 -0.243 -0.146 -0.312 -0.229 -0.229 -0.145 -0.313 -0.145 -0.313
1977  0.059  0.071  0.047  0.142 -0.025  0.059  0.058  0.143 -0.025  0.143 -0.025
1978 -0.049 -0.037 -0.061  0.036 -0.134 -0.049 -0.050  0.037 -0.135  0.037 -0.135
1979  0.056  0.065  0.046  0.140 -0.028  0.056  0.055  0.140 -0.029  0.140 -0.029
1980  0.102  0.112  0.091  0.186  0.018  0.102  0.101  0.186  0.017  0.186  0.017
1981  0.130  0.141  0.119  0.216  0.043  0.130  0.128  0.217  0.043  0.217  0.043
1982  0.008  0.019 -0.003  0.095 -0.078  0.008  0.007  0.096 -0.079  0.096 -0.079
1983  0.187  0.197  0.176  0.272  0.102  0.187  0.185  0.272  0.101  0.272  0.101
1984 -0.011 -0.001 -0.022  0.074 -0.097 -0.011 -0.013  0.075 -0.098  0.075 -0.098
1985 -0.018 -0.007 -0.028  0.065 -0.100 -0.018 -0.020  0.065 -0.100  0.065 -0.100
1986  0.022  0.032  0.012  0.107 -0.063  0.022  0.020  0.107 -0.063  0.107 -0.063
1987  0.167  0.177  0.157  0.252  0.082  0.167  0.164  0.252  0.081  0.252  0.081
1988  0.163  0.173  0.153  0.246  0.079  0.163  0.160  0.247  0.078  0.247  0.078
1989  0.096  0.106  0.085  0.180  0.011  0.096  0.093  0.181  0.011  0.181  0.011
1990  0.248  0.259  0.238  0.333  0.163  0.248  0.245  0.334  0.162  0.334  0.162
1991  0.197  0.208  0.186  0.286  0.108  0.197  0.194  0.287  0.107  0.287  0.107
1992  0.055  0.066  0.044  0.146 -0.036  0.055  0.052  0.147 -0.036  0.147 -0.036
1993  0.102  0.114  0.091  0.193  0.011  0.102  0.099  0.194  0.011  0.194  0.011
1994  0.163  0.174  0.152  0.256  0.069  0.163  0.159  0.257  0.068  0.257  0.068
1995  0.276  0.286  0.265  0.368  0.183  0.276  0.271  0.368  0.183  0.368  0.183
1996  0.123  0.134  0.113  0.220  0.027  0.123  0.119  0.221  0.026  0.221  0.026
1997  0.355  0.366  0.344  0.447  0.263  0.355  0.350  0.448  0.262  0.448  0.262
1998  0.515  0.526  0.504  0.607  0.422  0.515  0.510  0.608  0.421  0.608  0.421
1999  0.262  0.273  0.250  0.355  0.169  0.262  0.257  0.356  0.168  0.356  0.168
2000  0.238  0.249  0.227  0.333  0.144  0.238  0.233  0.334  0.143  0.334  0.143
2001  0.400  0.411  0.388  0.495  0.304  0.400  0.394  0.495  0.304  0.495  0.303
2002  0.455  0.466  0.445  0.553  0.358  0.455  0.450  0.553  0.358  0.553  0.357
2003  0.457  0.468  0.447  0.556  0.359  0.457  0.452  0.556  0.358  0.556  0.358
2004  0.432  0.444  0.421  0.530  0.335  0.432  0.426  0.530  0.334  0.530  0.334
2005  0.479  0.490  0.469  0.580  0.378  0.479  0.473  0.581  0.378  0.581  0.378
2006  0.422  0.432  0.412  0.517  0.327  0.422  0.416  0.518  0.326  0.518  0.326
2007  0.403  0.413  0.393  0.500  0.306  0.403  0.397  0.501  0.306  0.501  0.305
2008  0.313  0.323  0.303  0.407  0.219  0.313  0.306  0.407  0.218  0.407  0.218
2009  0.439  0.449  0.429  0.543  0.334  0.439  0.433  0.544  0.334  0.544  0.334
